+0.13182 	-0.00000 	+0.00000 	+0.00000 	-0.00000 	-0.00000 	-0.00000 	-0.00000 	+0.00000 	+0.00000 	-0.00000 	-0.00000 	+0.00000 	-0.00000 	+0.00000 	-0.00000 	-0.00000 	+0.00000 	-0.00000 	+0.00000 	-0.00000 	-0.00000 	+0.00000 	-0.00000 	+0.00000 	-0.00000 	-0.00000 	+0.00000 	+0.00000 	
+0.00879 	+0.00000 	+0.00000 	+0.00000 	-0.00000 	-0.00000 	-0.00000 	-0.00000 	+0.00000 	+0.00000 	-0.00000 	-0.00000 	+0.00000 	-0.00000 	+0.00000 	-0.00000 	-0.00000 	+0.00000 	-0.00000 	+0.00000 	-0.00000 	-0.00000 	+0.00000 	-0.00000 	+0.00000 	-0.00000 	-0.00000 	+0.00000 	+0.00000 	
-0.00000 	-0.00000 	+0.00000 	+0.00000 	+0.00000 	-0.00000 	+0.00000 	+0.00000 	-0.00000 	-0.00000 	-0.00000 	+0.00000 	+0.00000 	+0.00000 	+0.00000 	+0.00000 	-0.00000 	+0.00000 	-0.00000 	+0.00000 	-0.00000 	-0.00000 	+0.00000 	+0.00000 	+0.00000 	-0.00000 	+0.00000 	+0.00000 	-0.00000 	
+0.00879 	-0.00000 	+0.00000 	+0.00000 	+0.00000 	-0.00000 	-0.00000 	-0.00000 	+0.00000 	+0.00000 	-0.00000 	-0.00000 	+0.00000 	-0.00000 	+0.00000 	-0.00000 	-0.00000 	+0.00000 	-0.00000 	+0.00000 	-0.00000 	-0.00000 	+0.00000 	-0.00000 	+0.00000 	-0.00000 	-0.00000 	+0.00000 	-0.00000 	
-0.00000 	-0.00000 	-0.00000 	-0.00000 	+0.00000 	+0.00000 	-0.00000 	+0.00000 	+0.00000 	-0.00000 	-0.00000 	+0.00000 	+0.00000 	-0.00000 	+0.00000 	-0.00000 	-0.00000 	-0.00000 	-0.00000 	+0.00000 	-0.00000 	-0.00000 	+0.00000 	-0.00000 	+0.00000 	-0.00000 	-0.00000 	-0.00000 	-0.00000 	
+0.00879 	+0.00000 	+0.00000 	-0.00000 	-0.00000 	-0.00000 	-0.00000 	-0.00000 	+0.00000 	+0.00000 	-0.00000 	-0.00000 	+0.00000 	-0.00000 	+0.00000 	-0.00000 	-0.00000 	+0.00000 	-0.00000 	+0.00000 	-0.00000 	-0.00000 	+0.00000 	-0.00000 	+0.00000 	-0.00000 	-0.00000 	+0.00000 	+0.00000 	
-0.00000 	+0.00000 	-0.00000 	+0.00000 	-0.00000 	+0.00000 	-0.00000 	+0.00000 	+0.00000 	-0.00000 	-0.00000 	-0.00000 	-0.00000 	-0.00000 	+0.00000 	-0.00000 	-0.00000 	+0.00000 	+0.00000 	-0.00000 	-0.00000 	-0.00000 	-0.00000 	+0.00000 	+0.00000 	-0.00000 	-0.00000 	-0.00000 	-0.00000 	
+0.00879 	+0.00000 	+0.00000 	+0.00000 	-0.00000 	-0.00000 	-0.00000 	-0.00000 	+0.00000 	+0.00000 	-0.00000 	-0.00000 	+0.00000 	-0.00000 	+0.00000 	-0.00000 	-0.00000 	+0.00000 	-0.00000 	+0.00000 	-0.00000 	-0.00000 	+0.00000 	-0.00000 	+0.00000 	-0.00000 	-0.00000 	+0.00000 	+0.00000 	
-0.00000 	+0.00000 	+0.00000 	+0.00000 	-0.00000 	-0.00000 	-0.00000 	+0.00000 	+0.00000 	-0.00000 	+0.00000 	+0.00000 	+0.00000 	+0.00000 	-0.00000 	-0.00000 	+0.00000 	+0.00000 	+0.00000 	+0.00000 	-0.00000 	-0.00000 	-0.00000 	+0.00000 	+0.00000 	-0.00000 	-0.00000 	-0.00000 	-0.00000 	
+0.00879 	-0.00000 	-0.00000 	+0.00000 	-0.00000 	-0.00000 	-0.00000 	-0.00000 	+0.00000 	+0.00000 	-0.00000 	-0.00000 	+0.00000 	-0.00000 	+0.00000 	-0.00000 	-0.00000 	+0.00000 	-0.00000 	+0.00000 	-0.00000 	-0.00000 	+0.00000 	-0.00000 	+0.00000 	-0.00000 	-0.00000 	+0.00000 	+0.00000 	
-0.00000 	+0.00000 	+0.00000 	+0.00000 	+0.00000 	-0.00000 	-0.00000 	-0.00000 	-0.00000 	+0.00000 	+0.00000 	+0.00000 	-0.00000 	-0.00000 	-0.00000 	-0.00000 	+0.00000 	+0.00000 	+0.00000 	+0.00000 	+0.00000 	+0.00000 	-0.00000 	-0.00000 	-0.00000 	-0.00000 	+0.00000 	-0.00000 	-0.00000 	
+0.00879 	-0.00000 	+0.00000 	-0.00000 	-0.00000 	-0.00000 	-0.00000 	-0.00000 	+0.00000 	+0.00000 	-0.00000 	-0.00000 	+0.00000 	-0.00000 	+0.00000 	-0.00000 	-0.00000 	+0.00000 	-0.00000 	+0.00000 	-0.00000 	-0.00000 	+0.00000 	-0.00000 	+0.00000 	-0.00000 	-0.00000 	-0.00000 	+0.00000 	
-0.00000 	-0.00000 	-0.00000 	+0.00000 	+0.00000 	-0.00000 	-0.00000 	+0.00000 	+0.00000 	-0.00000 	-0.00000 	+0.00000 	-0.00000 	-0.00000 	+0.00000 	-0.00000 	-0.00000 	+0.00000 	-0.00000 	+0.00000 	+0.00000 	+0.00000 	-0.00000 	-0.00000 	-0.00000 	-0.00000 	+0.00000 	+0.00000 	-0.00000 	
+0.00879 	+0.00000 	+0.00000 	+0.00000 	-0.00000 	-0.00000 	-0.00000 	-0.00000 	+0.00000 	+0.00000 	-0.00000 	-0.00000 	+0.00000 	-0.00000 	+0.00000 	-0.00000 	-0.00000 	+0.00000 	-0.00000 	+0.00000 	-0.00000 	-0.00000 	+0.00000 	-0.00000 	+0.00000 	-0.00000 	-0.00000 	+0.00000 	+0.00000 	
-0.00000 	+0.00000 	-0.00000 	-0.00000 	-0.00000 	+0.00000 	+0.00000 	-0.00000 	+0.00000 	+0.00000 	-0.00000 	+0.00000 	-0.00000 	+0.00000 	+0.00000 	-0.00000 	-0.00000 	+0.00000 	-0.00000 	+0.00000 	-0.00000 	-0.00000 	+0.00000 	+0.00000 	-0.00000 	-0.00000 	+0.00000 	+0.00000 	-0.00000 	
+0.00879 	+0.00000 	-0.00000 	+0.00000 	+0.00000 	-0.00000 	-0.00000 	+0.00000 	+0.00000 	+0.00000 	-0.00000 	-0.00000 	+0.00000 	-0.00000 	+0.00000 	-0.00000 	-0.00000 	+0.00000 	-0.00000 	+0.00000 	-0.00000 	-0.00000 	+0.00000 	-0.00000 	+0.00000 	-0.00000 	-0.00000 	-0.00000 	+0.00000 	
-0.00000 	+0.00000 	-0.00000 	+0.00000 	-0.00000 	-0.00000 	+0.00000 	+0.00000 	-0.00000 	+0.00000 	-0.00000 	-0.00000 	-0.00000 	-0.00000 	+0.00000 	-0.00000 	-0.00000 	+0.00000 	-0.00000 	+0.00000 	-0.00000 	+0.00000 	+0.00000 	+0.00000 	-0.00000 	+0.00000 	+0.00000 	+0.00000 	+0.00000 	
+0.00879 	+0.00000 	-0.00000 	+0.00000 	-0.00000 	-0.00000 	-0.00000 	-0.00000 	+0.00000 	+0.00000 	-0.00000 	+0.00000 	+0.00000 	-0.00000 	+0.00000 	-0.00000 	-0.00000 	+0.00000 	-0.00000 	+0.00000 	-0.00000 	-0.00000 	+0.00000 	-0.00000 	+0.00000 	-0.00000 	-0.00000 	-0.00000 	+0.00000 	
-0.00000 	-0.00000 	-0.00000 	-0.00000 	+0.00000 	+0.00000 	+0.00000 	+0.00000 	-0.00000 	+0.00000 	-0.00000 	+0.00000 	+0.00000 	+0.00000 	+0.00000 	-0.00000 	-0.00000 	-0.00000 	+0.00000 	-0.00000 	-0.00000 	+0.00000 	+0.00000 	-0.00000 	-0.00000 	+0.00000 	+0.00000 	-0.00000 	+0.00000 	
+0.00879 	-0.00000 	-0.00000 	+0.00000 	-0.00000 	-0.00000 	-0.00000 	-0.00000 	+0.00000 	+0.00000 	-0.00000 	+0.00000 	+0.00000 	-0.00000 	+0.00000 	-0.00000 	-0.00000 	+0.00000 	-0.00000 	+0.00000 	-0.00000 	-0.00000 	+0.00000 	-0.00000 	+0.00000 	-0.00000 	-0.00000 	-0.00000 	+0.00000 	
+0.00000 	+0.00000 	+0.00000 	+0.00000 	+0.00000 	-0.00000 	+0.00000 	-0.00000 	-0.00000 	+0.00000 	-0.00000 	-0.00000 	+0.00000 	-0.00000 	+0.00000 	+0.00000 	-0.00000 	-0.00000 	+0.00000 	+0.00000 	-0.00000 	+0.00000 	+0.00000 	+0.00000 	-0.00000 	+0.00000 	+0.00000 	+0.00000 	+0.00000 	
+0.00879 	-0.00000 	-0.00000 	+0.00000 	-0.00000 	-0.00000 	-0.00000 	-0.00000 	+0.00000 	+0.00000 	-0.00000 	+0.00000 	+0.00000 	-0.00000 	+0.00000 	-0.00000 	-0.00000 	+0.00000 	-0.00000 	+0.00000 	-0.00000 	-0.00000 	+0.00000 	-0.00000 	+0.00000 	-0.00000 	-0.00000 	-0.00000 	+0.00000 	
+0.00000 	+0.00000 	+0.00000 	+0.00000 	+0.00000 	-0.00000 	+0.00000 	+0.00000 	-0.00000 	-0.00000 	-0.00000 	-0.00000 	+0.00000 	+0.00000 	+0.00000 	+0.00000 	-0.00000 	+0.00000 	+0.00000 	+0.00000 	+0.00000 	-0.00000 	+0.00000 	+0.00000 	-0.00000 	-0.00000 	+0.00000 	+0.00000 	-0.00000 	
+0.00879 	+0.00000 	+0.00000 	+0.00000 	-0.00000 	-0.00000 	-0.00000 	-0.00000 	+0.00000 	+0.00000 	-0.00000 	-0.00000 	+0.00000 	-0.00000 	+0.00000 	-0.00000 	-0.00000 	+0.00000 	-0.00000 	+0.00000 	-0.00000 	-0.00000 	+0.00000 	-0.00000 	+0.00000 	-0.00000 	-0.00000 	+0.00000 	+0.00000 	
+0.00000 	-0.00000 	-0.00000 	+0.00000 	+0.00000 	+0.00000 	-0.00000 	+0.00000 	-0.00000 	+0.00000 	+0.00000 	+0.00000 	-0.00000 	+0.00000 	+0.00000 	-0.00000 	-0.00000 	-0.00000 	+0.00000 	+0.00000 	+0.00000 	+0.00000 	-0.00000 	-0.00000 	+0.00000 	-0.00000 	-0.00000 	+0.00000 	-0.00000 	
+0.00879 	+0.00000 	+0.00000 	-0.00000 	+0.00000 	-0.00000 	-0.00000 	-0.00000 	+0.00000 	+0.00000 	-0.00000 	-0.00000 	+0.00000 	-0.00000 	+0.00000 	-0.00000 	-0.00000 	+0.00000 	-0.00000 	+0.00000 	-0.00000 	-0.00000 	+0.00000 	-0.00000 	+0.00000 	-0.00000 	-0.00000 	+0.00000 	+0.00000 	
+0.00000 	+0.00000 	-0.00000 	+0.00000 	-0.00000 	-0.00000 	-0.00000 	-0.00000 	+0.00000 	-0.00000 	+0.00000 	+0.00000 	-0.00000 	+0.00000 	+0.00000 	+0.00000 	-0.00000 	-0.00000 	-0.00000 	-0.00000 	-0.00000 	+0.00000 	-0.00000 	+0.00000 	-0.00000 	-0.00000 	-0.00000 	-0.00000 	+0.00000 	
+0.00879 	+0.00000 	+0.00000 	-0.00000 	-0.00000 	+0.00000 	-0.00000 	-0.00000 	+0.00000 	+0.00000 	-0.00000 	-0.00000 	+0.00000 	-0.00000 	+0.00000 	-0.00000 	-0.00000 	+0.00000 	-0.00000 	+0.00000 	-0.00000 	-0.00000 	+0.00000 	-0.00000 	+0.00000 	-0.00000 	-0.00000 	-0.00000 	-0.00000 	
+0.00000 	+0.00000 	+0.00000 	-0.00000 	+0.00000 	-0.00000 	+0.00000 	-0.00000 	+0.00000 	+0.00000 	+0.00000 	+0.00000 	+0.00000 	+0.00000 	-0.00000 	-0.00000 	+0.00000 	-0.00000 	-0.00000 	+0.00000 	-0.00000 	-0.00000 	+0.00000 	+0.00000 	-0.00000 	-0.00000 	-0.00000 	+0.00000 	+0.00000 	

 
 
+1.00000 	+0.06667 	-0.00000 	+0.06667 	-0.00000 	+0.06667 	-0.00000 	+0.06667 	-0.00000 	+0.06667 	-0.00000 	+0.06667 	-0.00000 	+0.06667 	-0.00000 	+0.06667 	-0.00000 	+0.06667 	-0.00000 	+0.06667 	+0.00000 	+0.06667 	+0.00000 	+0.06667 	-0.00000 	+0.06667 	+0.00000 	+0.06667 	+0.00000 	
-0.00000 	-0.00000 	+0.00000 	-0.00000 	+0.00000 	+0.00000 	+0.00000 	-0.00000 	-0.00000 	-0.00000 	+0.00000 	-0.00000 	+0.00000 	+0.00000 	+0.00000 	-0.00000 	+0.00000 	-0.00000 	-0.00000 	+0.00000 	-0.00000 	+0.00000 	-0.00000 	-0.00000 	-0.00000 	+0.00000 	+0.00000 	+0.00000 	-0.00000 	
+0.00000 	+0.00000 	-0.00000 	+0.00000 	-0.00000 	+0.00000 	+0.00000 	+0.00000 	+0.00000 	+0.00000 	+0.00000 	+0.00000 	+0.00000 	-0.00000 	-0.00000 	+0.00000 	+0.00000 	-0.00000 	-0.00000 	+0.00000 	-0.00000 	+0.00000 	-0.00000 	+0.00000 	-0.00000 	+0.00000 	+0.00000 	+0.00000 	+0.00000 	
+0.00000 	+0.00000 	+0.00000 	-0.00000 	-0.00000 	-0.00000 	-0.00000 	+0.00000 	-0.00000 	+0.00000 	-0.00000 	+0.00000 	-0.00000 	-0.00000 	+0.00000 	+0.00000 	+0.00000 	-0.00000 	+0.00000 	-0.00000 	-0.00000 	-0.00000 	-0.00000 	+0.00000 	-0.00000 	-0.00000 	+0.00000 	-0.00000 	-0.00000 	
-0.00000 	-0.00000 	-0.00000 	-0.00000 	-0.00000 	-0.00000 	-0.00000 	-0.00000 	-0.00000 	-0.00000 	+0.00000 	+0.00000 	+0.00000 	+0.00000 	-0.00000 	-0.00000 	+0.00000 	+0.00000 	-0.00000 	+0.00000 	+0.00000 	-0.00000 	+0.00000 	-0.00000 	-0.00000 	+0.00000 	-0.00000 	-0.00000 	-0.00000 	
+0.00000 	-0.00000 	-0.00000 	-0.00000 	-0.00000 	-0.00000 	+0.00000 	-0.00000 	+0.00000 	-0.00000 	-0.00000 	-0.00000 	+0.00000 	-0.00000 	-0.00000 	+0.00000 	+0.00000 	-0.00000 	+0.00000 	+0.00000 	+0.00000 	-0.00000 	-0.00000 	+0.00000 	-0.00000 	-0.00000 	+0.00000 	-0.00000 	+0.00000 	
-0.00000 	-0.00000 	+0.00000 	-0.00000 	+0.00000 	-0.00000 	+0.00000 	-0.00000 	-0.00000 	-0.00000 	-0.00000 	-0.00000 	-0.00000 	-0.00000 	+0.00000 	-0.00000 	-0.00000 	-0.00000 	+0.00000 	-0.00000 	-0.00000 	-0.00000 	-0.00000 	-0.00000 	+0.00000 	-0.00000 	+0.00000 	+0.00000 	+0.00000 	
+0.00000 	-0.00000 	-0.00000 	+0.00000 	+0.00000 	+0.00000 	+0.00000 	-0.00000 	-0.00000 	-0.00000 	-0.00000 	-0.00000 	+0.00000 	+0.00000 	+0.00000 	+0.00000 	+0.00000 	+0.00000 	-0.00000 	-0.00000 	+0.00000 	-0.00000 	+0.00000 	+0.00000 	+0.00000 	-0.00000 	+0.00000 	-0.00000 	+0.00000 	
+0.00000 	+0.00000 	-0.00000 	+0.00000 	-0.00000 	+0.00000 	+0.00000 	+0.00000 	+0.00000 	+0.00000 	+0.00000 	+0.00000 	+0.00000 	+0.00000 	-0.00000 	+0.00000 	+0.00000 	+0.00000 	-0.00000 	+0.00000 	-0.00000 	+0.00000 	+0.00000 	+0.00000 	-0.00000 	+0.00000 	+0.00000 	+0.00000 	-0.00000 	
+0.00000 	+0.00000 	+0.00000 	+0.00000 	+0.00000 	+0.00000 	-0.00000 	+0.00000 	-0.00000 	+0.00000 	-0.00000 	+0.00000 	-0.00000 	+0.00000 	+0.00000 	+0.00000 	+0.00000 	+0.00000 	+0.00000 	+0.00000 	+0.00000 	+0.00000 	-0.00000 	+0.00000 	+0.00000 	+0.00000 	+0.00000 	+0.00000 	-0.00000 	
-0.00000 	-0.00000 	-0.00000 	-0.00000 	+0.00000 	-0.00000 	+0.00000 	-0.00000 	+0.00000 	-0.00000 	+0.00000 	-0.00000 	-0.00000 	-0.00000 	+0.00000 	-0.00000 	-0.00000 	-0.00000 	-0.00000 	-0.00000 	-0.00000 	-0.00000 	-0.00000 	-0.00000 	-0.00000 	-0.00000 	+0.00000 	-0.00000 	+0.00000 	
+0.00000 	+0.00000 	+0.00000 	-0.00000 	+0.00000 	-0.00000 	+0.00000 	-0.00000 	-0.00000 	+0.00000 	-0.00000 	-0.00000 	+0.00000 	-0.00000 	-0.00000 	+0.00000 	-0.00000 	-0.00000 	-0.00000 	-0.00000 	+0.00000 	-0.00000 	+0.00000 	-0.00000 	+0.00000 	-0.00000 	+0.00000 	-0.00000 	+0.00000 	
+0.00000 	+0.00000 	+0.00000 	+0.00000 	-0.00000 	+0.00000 	-0.00000 	+0.00000 	+0.00000 	+0.00000 	+0.00000 	+0.00000 	-0.00000 	+0.00000 	+0.00000 	+0.00000 	-0.00000 	+0.00000 	+0.00000 	+0.00000 	+0.00000 	+0.00000 	+0.00000 	+0.00000 	-0.00000 	+0.00000 	-0.00000 	+0.00000 	+0.00000 	
-0.00000 	+0.00000 	+0.00000 	-0.00000 	-0.00000 	-0.00000 	+0.00000 	-0.00000 	+0.00000 	-0.00000 	-0.00000 	-0.00000 	-0.00000 	-0.00000 	-0.00000 	-0.00000 	+0.00000 	-0.00000 	+0.00000 	-0.00000 	-0.00000 	-0.00000 	-0.00000 	-0.00000 	+0.00000 	-0.00000 	-0.00000 	-0.00000 	+0.00000 	
+0.00000 	+0.00000 	+0.00000 	+0.00000 	+0.00000 	+0.00000 	-0.00000 	+0.00000 	-0.00000 	+0.00000 	-0.00000 	+0.00000 	-0.00000 	+0.00000 	+0.00000 	+0.00000 	+0.00000 	+0.00000 	-0.00000 	+0.00000 	-0.00000 	+0.00000 	-0.00000 	+0.00000 	+0.00000 	+0.00000 	+0.00000 	+0.00000 	-0.00000 	
-0.00000 	-0.00000 	+0.00000 	+0.00000 	+0.00000 	-0.00000 	+0.00000 	-0.00000 	+0.00000 	-0.00000 	-0.00000 	-0.00000 	-0.00000 	-0.00000 	-0.00000 	-0.00000 	+0.00000 	-0.00000 	+0.00000 	-0.00000 	+0.00000 	-0.00000 	+0.00000 	-0.00000 	-0.00000 	-0.00000 	-0.00000 	-0.00000 	-0.00000 	
-0.00000 	-0.00000 	-0.00000 	-0.00000 	-0.00000 	-0.00000 	+0.00000 	-0.00000 	+0.00000 	-0.00000 	+0.00000 	-0.00000 	-0.00000 	-0.00000 	-0.00000 	-0.00000 	-0.00000 	-0.00000 	+0.00000 	-0.00000 	+0.00000 	-0.00000 	-0.00000 	-0.00000 	-0.00000 	-0.00000 	+0.00000 	-0.00000 	+0.00000 	
+0.00000 	+0.00000 	+0.00000 	+0.00000 	-0.00000 	+0.00000 	-0.00000 	+0.00000 	-0.00000 	+0.00000 	+0.00000 	+0.00000 	+0.00000 	+0.00000 	+0.00000 	+0.00000 	-0.00000 	+0.00000 	-0.00000 	+0.00000 	-0.00000 	+0.00000 	-0.00000 	+0.00000 	+0.00000 	+0.00000 	+0.00000 	+0.00000 	-0.00000 	
-0.00000 	-0.00000 	-0.00000 	-0.00000 	-0.00000 	-0.00000 	-0.00000 	-0.00000 	+0.00000 	-0.00000 	+0.00000 	-0.00000 	+0.00000 	-0.00000 	+0.00000 	-0.00000 	-0.00000 	-0.00000 	+0.00000 	-0.00000 	-0.00000 	-0.00000 	-0.00000 	-0.00000 	-0.00000 	-0.00000 	+0.00000 	-0.00000 	+0.00000 	
+0.00000 	+0.00000 	+0.00000 	+0.00000 	-0.00000 	+0.00000 	-0.00000 	+0.00000 	+0.00000 	+0.00000 	+0.00000 	+0.00000 	+0.00000 	+0.00000 	+0.00000 	+0.00000 	-0.00000 	+0.00000 	-0.00000 	+0.00000 	-0.00000 	+0.00000 	-0.00000 	+0.00000 	+0.00000 	+0.00000 	-0.00000 	+0.00000 	+0.00000 	
-0.00000 	-0.00000 	-0.00000 	-0.00000 	-0.00000 	-0.00000 	-0.00000 	-0.00000 	+0.00000 	-0.00000 	+0.00000 	-0.00000 	-0.00000 	-0.00000 	+0.00000 	-0.00000 	+0.00000 	-0.00000 	-0.00000 	-0.00000 	-0.00000 	-0.00000 	-0.00000 	-0.00000 	+0.00000 	-0.00000 	+0.00000 	-0.00000 	-0.00000 	
-0.00000 	-0.00000 	-0.00000 	-0.00000 	-0.00000 	-0.00000 	+0.00000 	-0.00000 	-0.00000 	-0.00000 	+0.00000 	-0.00000 	-0.00000 	-0.00000 	-0.00000 	-0.00000 	-0.00000 	-0.00000 	+0.00000 	-0.00000 	+0.00000 	-0.00000 	-0.00000 	-0.00000 	-0.00000 	-0.00000 	-0.00000 	-0.00000 	-0.00000 	
+0.00000 	+0.00000 	-0.00000 	+0.00000 	-0.00000 	+0.00000 	-0.00000 	+0.00000 	-0.00000 	+0.00000 	-0.00000 	+0.00000 	-0.00000 	+0.00000 	+0.00000 	+0.00000 	-0.00000 	+0.00000 	-0.00000 	+0.00000 	+0.00000 	+0.00000 	+0.00000 	+0.00000 	+0.00000 	+0.00000 	-0.00000 	+0.00000 	+0.00000 	
-0.00000 	-0.00000 	-0.00000 	-0.00000 	-0.00000 	-0.00000 	-0.00000 	-0.00000 	+0.00000 	-0.00000 	+0.00000 	-0.00000 	+0.00000 	-0.00000 	+0.00000 	-0.00000 	+0.00000 	-0.00000 	-0.00000 	-0.00000 	-0.00000 	-0.00000 	+0.00000 	-0.00000 	-0.00000 	-0.00000 	-0.00000 	-0.00000 	+0.00000 	
+0.00000 	+0.00000 	+0.00000 	+0.00000 	-0.00000 	+0.00000 	-0.00000 	+0.00000 	+0.00000 	+0.00000 	-0.00000 	+0.00000 	+0.00000 	+0.00000 	-0.00000 	+0.00000 	-0.00000 	+0.00000 	-0.00000 	+0.00000 	-0.00000 	+0.00000 	-0.00000 	+0.00000 	-0.00000 	+0.00000 	+0.00000 	+0.00000 	-0.00000 	
-0.00000 	-0.00000 	-0.00000 	-0.00000 	-0.00000 	-0.00000 	-0.00000 	-0.00000 	+0.00000 	-0.00000 	-0.00000 	-0.00000 	-0.00000 	-0.00000 	-0.00000 	-0.00000 	-0.00000 	-0.00000 	+0.00000 	-0.00000 	+0.00000 	-0.00000 	+0.00000 	-0.00000 	+0.00000 	-0.00000 	-0.00000 	-0.00000 	-0.00000 	
-0.00000 	-0.00000 	+0.00000 	-0.00000 	-0.00000 	-0.00000 	-0.00000 	-0.00000 	-0.00000 	-0.00000 	+0.00000 	-0.00000 	+0.00000 	-0.00000 	+0.00000 	-0.00000 	-0.00000 	-0.00000 	+0.00000 	-0.00000 	-0.00000 	-0.00000 	-0.00000 	-0.00000 	-0.00000 	-0.00000 	+0.00000 	-0.00000 	-0.00000 	
+0.00000 	+0.00000 	+0.00000 	+0.00000 	+0.00000 	-0.00000 	+0.00000 	-0.00000 	-0.00000 	+0.00000 	-0.00000 	-0.00000 	+0.00000 	-0.00000 	+0.00000 	-0.00000 	+0.00000 	+0.00000 	-0.00000 	+0.00000 	-0.00000 	-0.00000 	+0.00000 	-0.00000 	+0.00000 	-0.00000 	-0.00000 	-0.00000 	+0.00000 	
+0.00000 	-0.00000 	+0.00000 	+0.00000 	-0.00000 	+0.00000 	+0.00000 	+0.00000 	+0.00000 	+0.00000 	+0.00000 	+0.00000 	+0.00000 	+0.00000 	-0.00000 	+0.00000 	+0.00000 	+0.00000 	+0.00000 	+0.00000 	+0.00000 	+0.00000 	+0.00000 	+0.00000 	-0.00000 	+0.00000 	+0.00000 	+0.00000 	+0.00000 	

 
 
+1.00000 	+0.06667 	-0.00000 	+0.06667 	-0.00000 	+0.06667 	-0.00000 	+0.06667 	-0.00000 	+0.06667 	-0.00000 	+0.06667 	-0.00000 	+0.06667 	-0.00000 	+0.06667 	-0.00000 	+0.06667 	-0.00000 	+0.06667 	+0.00000 	+0.06667 	+0.00000 	+0.06667 	-0.00000 	+0.06667 	+0.00000 	+0.06667 	+0.00000 	
+0.06667 	+0.00444 	-0.00000 	+0.00444 	-0.00000 	+0.00444 	-0.00000 	+0.00444 	-0.00000 	+0.00444 	-0.00000 	+0.00444 	-0.00000 	+0.00444 	-0.00000 	+0.00444 	-0.00000 	+0.00444 	-0.00000 	+0.00444 	+0.00000 	+0.00444 	+0.00000 	+0.00444 	+0.00000 	+0.00444 	+0.00000 	+0.00444 	+0.00000 	
-0.00000 	-0.00000 	+0.00000 	-0.00000 	-0.00000 	-0.00000 	-0.00000 	-0.00000 	+0.00000 	+0.00000 	-0.00000 	-0.00000 	+0.00000 	-0.00000 	+0.00000 	-0.00000 	-0.00000 	-0.00000 	+0.00000 	-0.00000 	+0.00000 	+0.00000 	+0.00000 	-0.00000 	+0.00000 	-0.00000 	+0.00000 	+0.00000 	-0.00000 	
+0.06667 	+0.00444 	-0.00000 	+0.00444 	-0.00000 	+0.00444 	-0.00000 	+0.00444 	-0.00000 	+0.00444 	-0.00000 	+0.00444 	-0.00000 	+0.00444 	-0.00000 	+0.00444 	-0.00000 	+0.00444 	-0.00000 	+0.00444 	+0.00000 	+0.00444 	+0.00000 	+0.00444 	-0.00000 	+0.00444 	+0.00000 	+0.00444 	+0.00000 	
-0.00000 	-0.00000 	-0.00000 	-0.00000 	-0.00000 	-0.00000 	-0.00000 	-0.00000 	+0.00000 	-0.00000 	-0.00000 	-0.00000 	+0.00000 	-0.00000 	-0.00000 	-0.00000 	+0.00000 	-0.00000 	+0.00000 	-0.00000 	-0.00000 	-0.00000 	+0.00000 	-0.00000 	-0.00000 	-0.00000 	+0.00000 	-0.00000 	+0.00000 	
+0.06667 	+0.00444 	-0.00000 	+0.00444 	-0.00000 	+0.00444 	-0.00000 	+0.00444 	-0.00000 	+0.00444 	-0.00000 	+0.00444 	-0.00000 	+0.00444 	-0.00000 	+0.00444 	-0.00000 	+0.00444 	-0.00000 	+0.00444 	+0.00000 	+0.00444 	+0.00000 	+0.00444 	-0.00000 	+0.00444 	+0.00000 	+0.00444 	+0.00000 	
-0.00000 	-0.00000 	+0.00000 	-0.00000 	+0.00000 	-0.00000 	+0.00000 	-0.00000 	+0.00000 	-0.00000 	+0.00000 	-0.00000 	+0.00000 	-0.00000 	-0.00000 	-0.00000 	+0.00000 	-0.00000 	+0.00000 	-0.00000 	+0.00000 	-0.00000 	+0.00000 	-0.00000 	+0.00000 	-0.00000 	+0.00000 	+0.00000 	-0.00000 	
+0.06667 	+0.00444 	-0.00000 	+0.00444 	-0.00000 	+0.00444 	-0.00000 	+0.00444 	-0.00000 	+0.00444 	-0.00000 	+0.00444 	-0.00000 	+0.00444 	-0.00000 	+0.00444 	-0.00000 	+0.00444 	-0.00000 	+0.00444 	+0.00000 	+0.00444 	+0.00000 	+0.00444 	-0.00000 	+0.00444 	+0.00000 	+0.00444 	+0.00000 	
-0.00000 	-0.00000 	+0.00000 	-0.00000 	+0.00000 	-0.00000 	-0.00000 	-0.00000 	+0.00000 	-0.00000 	-0.00000 	-0.00000 	+0.00000 	-0.00000 	-0.00000 	-0.00000 	+0.00000 	-0.00000 	+0.00000 	-0.00000 	+0.00000 	-0.00000 	+0.00000 	-0.00000 	-0.00000 	-0.00000 	-0.00000 	-0.00000 	-0.00000 	
+0.06667 	+0.00444 	+0.00000 	+0.00444 	-0.00000 	+0.00444 	-0.00000 	+0.00444 	-0.00000 	+0.00444 	-0.00000 	+0.00444 	-0.00000 	+0.00444 	-0.00000 	+0.00444 	-0.00000 	+0.00444 	-0.00000 	+0.00444 	+0.00000 	+0.00444 	+0.00000 	+0.00444 	+0.00000 	+0.00444 	+0.00000 	+0.00444 	+0.00000 	
-0.00000 	-0.00000 	+0.00000 	-0.00000 	-0.00000 	-0.00000 	+0.00000 	-0.00000 	-0.00000 	-0.00000 	+0.00000 	-0.00000 	+0.00000 	-0.00000 	+0.00000 	-0.00000 	+0.00000 	-0.00000 	+0.00000 	-0.00000 	-0.00000 	-0.00000 	+0.00000 	-0.00000 	+0.00000 	-0.00000 	-0.00000 	-0.00000 	+0.00000 	
+0.06667 	+0.00444 	-0.00000 	+0.00444 	-0.00000 	+0.00444 	-0.00000 	+0.00444 	-0.00000 	+0.00444 	-0.00000 	+0.00444 	-0.00000 	+0.00444 	-0.00000 	+0.00444 	-0.00000 	+0.00444 	-0.00000 	+0.00444 	+0.00000 	+0.00444 	+0.00000 	+0.00444 	-0.00000 	+0.00444 	+0.00000 	+0.00444 	+0.00000 	
-0.00000 	-0.00000 	-0.00000 	-0.00000 	+0.00000 	-0.00000 	+0.00000 	-0.00000 	+0.00000 	-0.00000 	+0.00000 	-0.00000 	+0.00000 	-0.00000 	-0.00000 	-0.00000 	+0.00000 	-0.00000 	+0.00000 	-0.00000 	-0.00000 	-0.00000 	-0.00000 	-0.00000 	-0.00000 	-0.00000 	-0.00000 	-0.00000 	+0.00000 	
+0.06667 	+0.00444 	-0.00000 	+0.00444 	-0.00000 	+0.00444 	-0.00000 	+0.00444 	-0.00000 	+0.00444 	-0.00000 	+0.00444 	-0.00000 	+0.00444 	-0.00000 	+0.00444 	-0.00000 	+0.00444 	-0.00000 	+0.00444 	+0.00000 	+0.00444 	+0.00000 	+0.00444 	-0.00000 	+0.00444 	+0.00000 	+0.00444 	+0.00000 	
-0.00000 	-0.00000 	+0.00000 	-0.00000 	-0.00000 	-0.00000 	-0.00000 	-0.00000 	+0.00000 	-0.00000 	+0.00000 	-0.00000 	+0.00000 	-0.00000 	-0.00000 	-0.00000 	+0.00000 	-0.00000 	+0.00000 	-0.00000 	+0.00000 	-0.00000 	-0.00000 	-0.00000 	-0.00000 	-0.00000 	-0.00000 	-0.00000 	+0.00000 	
+0.06667 	+0.00444 	-0.00000 	+0.00444 	-0.00000 	+0.00444 	-0.00000 	+0.00444 	-0.00000 	+0.00444 	-0.00000 	+0.00444 	-0.00000 	+0.00444 	-0.00000 	+0.00444 	-0.00000 	+0.00444 	-0.00000 	+0.00444 	+0.00000 	+0.00444 	+0.00000 	+0.00444 	+0.00000 	+0.00444 	+0.00000 	+0.00444 	+0.00000 	
-0.00000 	-0.00000 	+0.00000 	-0.00000 	+0.00000 	-0.00000 	-0.00000 	-0.00000 	+0.00000 	-0.00000 	+0.00000 	-0.00000 	+0.00000 	-0.00000 	-0.00000 	-0.00000 	+0.00000 	-0.00000 	-0.00000 	-0.00000 	+0.00000 	-0.00000 	+0.00000 	-0.00000 	-0.00000 	-0.00000 	-0.00000 	-0.00000 	+0.00000 	
+0.06667 	+0.00444 	-0.00000 	+0.00444 	-0.00000 	+0.00444 	-0.00000 	+0.00444 	-0.00000 	+0.00444 	-0.00000 	+0.00444 	-0.00000 	+0.00444 	-0.00000 	+0.00444 	-0.00000 	+0.00444 	-0.00000 	+0.00444 	+0.00000 	+0.00444 	+0.00000 	+0.00444 	-0.00000 	+0.00444 	+0.00000 	+0.00444 	+0.00000 	
-0.00000 	-0.00000 	+0.00000 	-0.00000 	+0.00000 	-0.00000 	+0.00000 	-0.00000 	+0.00000 	-0.00000 	+0.00000 	-0.00000 	+0.00000 	-0.00000 	+0.00000 	-0.00000 	-0.00000 	-0.00000 	+0.00000 	-0.00000 	+0.00000 	-0.00000 	+0.00000 	-0.00000 	-0.00000 	-0.00000 	+0.00000 	-0.00000 	+0.00000 	
+0.06667 	+0.00444 	-0.00000 	+0.00444 	-0.00000 	+0.00444 	-0.00000 	+0.00444 	-0.00000 	+0.00444 	-0.00000 	+0.00444 	-0.00000 	+0.00444 	-0.00000 	+0.00444 	-0.00000 	+0.00444 	-0.00000 	+0.00444 	+0.00000 	+0.00444 	+0.00000 	+0.00444 	-0.00000 	+0.00444 	+0.00000 	+0.00444 	+0.00000 	
+0.00000 	+0.00000 	-0.00000 	+0.00000 	-0.00000 	+0.00000 	+0.00000 	+0.00000 	+0.00000 	+0.00000 	-0.00000 	+0.00000 	+0.00000 	+0.00000 	+0.00000 	+0.00000 	+0.00000 	+0.00000 	+0.00000 	+0.00000 	-0.00000 	+0.00000 	-0.00000 	+0.00000 	-0.00000 	+0.00000 	+0.00000 	+0.00000 	+0.00000 	
+0.06667 	+0.00444 	-0.00000 	+0.00444 	-0.00000 	+0.00444 	-0.00000 	+0.00444 	-0.00000 	+0.00444 	-0.00000 	+0.00444 	-0.00000 	+0.00444 	-0.00000 	+0.00444 	-0.00000 	+0.00444 	-0.00000 	+0.00444 	+0.00000 	+0.00444 	+0.00000 	+0.00444 	-0.00000 	+0.00444 	+0.00000 	+0.00444 	+0.00000 	
+0.00000 	+0.00000 	+0.00000 	+0.00000 	-0.00000 	+0.00000 	-0.00000 	+0.00000 	+0.00000 	+0.00000 	+0.00000 	+0.00000 	+0.00000 	+0.00000 	-0.00000 	+0.00000 	+0.00000 	+0.00000 	+0.00000 	+0.00000 	-0.00000 	+0.00000 	-0.00000 	+0.00000 	+0.00000 	+0.00000 	+0.00000 	+0.00000 	+0.00000 	
+0.06667 	+0.00444 	-0.00000 	+0.00444 	-0.00000 	+0.00444 	-0.00000 	+0.00444 	-0.00000 	+0.00444 	-0.00000 	+0.00444 	-0.00000 	+0.00444 	-0.00000 	+0.00444 	-0.00000 	+0.00444 	-0.00000 	+0.00444 	+0.00000 	+0.00444 	+0.00000 	+0.00444 	-0.00000 	+0.00444 	+0.00000 	+0.00444 	+0.00000 	
-0.00000 	+0.00000 	+0.00000 	-0.00000 	+0.00000 	+0.00000 	-0.00000 	-0.00000 	-0.00000 	+0.00000 	+0.00000 	-0.00000 	+0.00000 	-0.00000 	-0.00000 	+0.00000 	+0.00000 	-0.00000 	+0.00000 	-0.00000 	-0.00000 	+0.00000 	+0.00000 	-0.00000 	-0.00000 	+0.00000 	-0.00000 	+0.00000 	-0.00000 	
+0.06667 	+0.00444 	-0.00000 	+0.00444 	-0.00000 	+0.00444 	-0.00000 	+0.00444 	-0.00000 	+0.00444 	-0.00000 	+0.00444 	-0.00000 	+0.00444 	-0.00000 	+0.00444 	-0.00000 	+0.00444 	-0.00000 	+0.00444 	+0.00000 	+0.00444 	+0.00000 	+0.00444 	-0.00000 	+0.00444 	+0.00000 	+0.00444 	+0.00000 	
+0.00000 	+0.00000 	+0.00000 	+0.00000 	-0.00000 	+0.00000 	-0.00000 	+0.00000 	-0.00000 	+0.00000 	-0.00000 	+0.00000 	-0.00000 	+0.00000 	-0.00000 	+0.00000 	+0.00000 	+0.00000 	-0.00000 	+0.00000 	+0.00000 	+0.00000 	+0.00000 	+0.00000 	+0.00000 	+0.00000 	-0.00000 	+0.00000 	+0.00000 	
+0.06667 	+0.00444 	-0.00000 	+0.00444 	-0.00000 	+0.00444 	-0.00000 	+0.00444 	-0.00000 	+0.00444 	-0.00000 	+0.00444 	-0.00000 	+0.00444 	-0.00000 	+0.00444 	-0.00000 	+0.00444 	-0.00000 	+0.00444 	+0.00000 	+0.00444 	+0.00000 	+0.00444 	+0.00000 	+0.00444 	+0.00000 	+0.00444 	+0.00000 	
+0.00000 	-0.00000 	-0.00000 	+0.00000 	-0.00000 	+0.00000 	-0.00000 	+0.00000 	-0.00000 	+0.00000 	+0.00000 	+0.00000 	+0.00000 	+0.00000 	+0.00000 	+0.00000 	+0.00000 	+0.00000 	+0.00000 	+0.00000 	+0.00000 	+0.00000 	+0.00000 	+0.00000 	+0.00000 	+0.00000 	-0.00000 	+0.00000 	+0.00000 	

 
 
+0.00000 	+0.01378 	+0.02741 	+0.04073 	+0.05361 	+0.06591 	+0.07748 	+0.08820 	+0.09796 	+0.10664 	+0.11416 	+0.12042 	+0.12536 	+0.12894 	+0.13109 	+0.13182 	+0.13109 	+0.12894 	+0.12536 	+0.12042 	+0.11416 	+0.10664 	+0.09796 	+0.08820 	+0.07748 	+0.06591 	+0.05361 	+0.04073 	+0.02741 	+0.01378 	+0.00000 	
+0.00000 	+0.01370 	+0.02726 	+0.04051 	+0.05332 	+0.06555 	+0.07706 	+0.08772 	+0.09742 	+0.10606 	+0.11353 	+0.11976 	+0.12468 	+0.12823 	+0.13038 	+0.13109 	+0.13038 	+0.12823 	+0.12468 	+0.11976 	+0.11353 	+0.10606 	+0.09742 	+0.08772 	+0.07706 	+0.06555 	+0.05332 	+0.04051 	+0.02726 	+0.01370 	+0.00000 	
+0.00000 	+0.01348 	+0.02681 	+0.03984 	+0.05244 	+0.06447 	+0.07579 	+0.08627 	+0.09582 	+0.10431 	+0.11166 	+0.11779 	+0.12263 	+0.12612 	+0.12823 	+0.12894 	+0.12823 	+0.12612 	+0.12263 	+0.11779 	+0.11166 	+0.10431 	+0.09582 	+0.08627 	+0.07579 	+0.06447 	+0.05244 	+0.03984 	+0.02681 	+0.01348 	+0.00000 	
+0.00000 	+0.01310 	+0.02606 	+0.03874 	+0.05099 	+0.06268 	+0.07369 	+0.08389 	+0.09316 	+0.10142 	+0.10857 	+0.11453 	+0.11923 	+0.12263 	+0.12468 	+0.12536 	+0.12468 	+0.12263 	+0.11923 	+0.11453 	+0.10857 	+0.10142 	+0.09316 	+0.08389 	+0.07369 	+0.06268 	+0.05099 	+0.03874 	+0.02606 	+0.01310 	+0.00000 	
+0.00000 	+0.01259 	+0.02504 	+0.03721 	+0.04898 	+0.06021 	+0.07078 	+0.08058 	+0.08949 	+0.09742 	+0.10429 	+0.11001 	+0.11453 	+0.11779 	+0.11976 	+0.12042 	+0.11976 	+0.11779 	+0.11453 	+0.11001 	+0.10429 	+0.09742 	+0.08949 	+0.08058 	+0.07078 	+0.06021 	+0.04898 	+0.03721 	+0.02504 	+0.01259 	+0.00000 	
+0.00000 	+0.01193 	+0.02373 	+0.03528 	+0.04643 	+0.05708 	+0.06710 	+0.07639 	+0.08483 	+0.09235 	+0.09886 	+0.10429 	+0.10857 	+0.11166 	+0.11353 	+0.11416 	+0.11353 	+0.11166 	+0.10857 	+0.10429 	+0.09886 	+0.09235 	+0.08483 	+0.07639 	+0.06710 	+0.05708 	+0.04643 	+0.03528 	+0.02373 	+0.01193 	+0.00000 	
+0.00000 	+0.01115 	+0.02217 	+0.03295 	+0.04337 	+0.05332 	+0.06268 	+0.07136 	+0.07925 	+0.08627 	+0.09235 	+0.09742 	+0.10142 	+0.10431 	+0.10606 	+0.10664 	+0.10606 	+0.10431 	+0.10142 	+0.09742 	+0.09235 	+0.08627 	+0.07925 	+0.07136 	+0.06268 	+0.05332 	+0.04337 	+0.03295 	+0.02217 	+0.01115 	+0.00000 	
+0.00000 	+0.01024 	+0.02037 	+0.03027 	+0.03984 	+0.04898 	+0.05758 	+0.06555 	+0.07280 	+0.07925 	+0.08483 	+0.08949 	+0.09316 	+0.09582 	+0.09742 	+0.09796 	+0.09742 	+0.09582 	+0.09316 	+0.08949 	+0.08483 	+0.07925 	+0.07280 	+0.06555 	+0.05758 	+0.04898 	+0.03984 	+0.03027 	+0.02037 	+0.01024 	+0.00000 	
+0.00000 	+0.00922 	+0.01834 	+0.02726 	+0.03588 	+0.04410 	+0.05184 	+0.05902 	+0.06555 	+0.07136 	+0.07639 	+0.08058 	+0.08389 	+0.08627 	+0.08772 	+0.08820 	+0.08772 	+0.08627 	+0.08389 	+0.08058 	+0.07639 	+0.07136 	+0.06555 	+0.05902 	+0.05184 	+0.04410 	+0.03588 	+0.02726 	+0.01834 	+0.00922 	+0.00000 	
+0.00000 	+0.00810 	+0.01611 	+0.02394 	+0.03151 	+0.03874 	+0.04554 	+0.05184 	+0.05758 	+0.06268 	+0.06710 	+0.07078 	+0.07369 	+0.07579 	+0.07706 	+0.07748 	+0.07706 	+0.07579 	+0.07369 	+0.07078 	+0.06710 	+0.06268 	+0.05758 	+0.05184 	+0.04554 	+0.03874 	+0.03151 	+0.02394 	+0.01611 	+0.00810 	+0.00000 	
+0.00000 	+0.00689 	+0.01370 	+0.02037 	+0.02681 	+0.03295 	+0.03874 	+0.04410 	+0.04898 	+0.05332 	+0.05708 	+0.06021 	+0.06268 	+0.06447 	+0.06555 	+0.06591 	+0.06555 	+0.06447 	+0.06268 	+0.06021 	+0.05708 	+0.05332 	+0.04898 	+0.04410 	+0.03874 	+0.03295 	+0.02681 	+0.02037 	+0.01370 	+0.00689 	+0.00000 	
+0.00000 	+0.00560 	+0.01115 	+0.01657 	+0.02181 	+0.02681 	+0.03151 	+0.03588 	+0.03984 	+0.04337 	+0.04643 	+0.04898 	+0.05099 	+0.05244 	+0.05332 	+0.05361 	+0.05332 	+0.05244 	+0.05099 	+0.04898 	+0.04643 	+0.04337 	+0.03984 	+0.03588 	+0.03151 	+0.02681 	+0.02181 	+0.01657 	+0.01115 	+0.00560 	+0.00000 	
+0.00000 	+0.00426 	+0.00847 	+0.01259 	+0.01657 	+0.02037 	+0.02394 	+0.02726 	+0.03027 	+0.03295 	+0.03528 	+0.03721 	+0.03874 	+0.03984 	+0.04051 	+0.04073 	+0.04051 	+0.03984 	+0.03874 	+0.03721 	+0.03528 	+0.03295 	+0.03027 	+0.02726 	+0.02394 	+0.02037 	+0.01657 	+0.01259 	+0.00847 	+0.00426 	+0.00000 	
+0.00000 	+0.00286 	+0.00570 	+0.00847 	+0.01115 	+0.01370 	+0.01611 	+0.01834 	+0.02037 	+0.02217 	+0.02373 	+0.02504 	+0.02606 	+0.02681 	+0.02726 	+0.02741 	+0.02726 	+0.02681 	+0.02606 	+0.02504 	+0.02373 	+0.02217 	+0.02037 	+0.01834 	+0.01611 	+0.01370 	+0.01115 	+0.00847 	+0.00570 	+0.00286 	+0.00000 	
+0.00000 	+0.00144 	+0.00286 	+0.00426 	+0.00560 	+0.00689 	+0.00810 	+0.00922 	+0.01024 	+0.01115 	+0.01193 	+0.01259 	+0.01310 	+0.01348 	+0.01370 	+0.01378 	+0.01370 	+0.01348 	+0.01310 	+0.01259 	+0.01193 	+0.01115 	+0.01024 	+0.00922 	+0.00810 	+0.00689 	+0.00560 	+0.00426 	+0.00286 	+0.00144 	+0.00000 	
+0.00000 	+0.00000 	+0.00000 	+0.00000 	+0.00000 	+0.00000 	+0.00000 	+0.00000 	+0.00000 	+0.00000 	+0.00000 	+0.00000 	+0.00000 	+0.00000 	+0.00000 	+0.00000 	+0.00000 	+0.00000 	+0.00000 	+0.00000 	+0.00000 	+0.00000 	+0.00000 	+0.00000 	+0.00000 	+0.00000 	+0.00000 	+0.00000 	+0.00000 	+0.00000 	+0.00000 	
-0.00000 	-0.00144 	-0.00286 	-0.00426 	-0.00560 	-0.00689 	-0.00810 	-0.00922 	-0.01024 	-0.01115 	-0.01193 	-0.01259 	-0.01310 	-0.01348 	-0.01370 	-0.01378 	-0.01370 	-0.01348 	-0.01310 	-0.01259 	-0.01193 	-0.01115 	-0.01024 	-0.00922 	-0.00810 	-0.00689 	-0.00560 	-0.00426 	-0.00286 	-0.00144 	-0.00000 	
-0.00000 	-0.00286 	-0.00570 	-0.00847 	-0.01115 	-0.01370 	-0.01611 	-0.01834 	-0.02037 	-0.02217 	-0.02373 	-0.02504 	-0.02606 	-0.02681 	-0.02726 	-0.02741 	-0.02726 	-0.02681 	-0.02606 	-0.02504 	-0.02373 	-0.02217 	-0.02037 	-0.01834 	-0.01611 	-0.01370 	-0.01115 	-0.00847 	-0.00570 	-0.00286 	-0.00000 	
-0.00000 	-0.00426 	-0.00847 	-0.01259 	-0.01657 	-0.02037 	-0.02394 	-0.02726 	-0.03027 	-0.03295 	-0.03528 	-0.03721 	-0.03874 	-0.03984 	-0.04051 	-0.04073 	-0.04051 	-0.03984 	-0.03874 	-0.03721 	-0.03528 	-0.03295 	-0.03027 	-0.02726 	-0.02394 	-0.02037 	-0.01657 	-0.01259 	-0.00847 	-0.00426 	-0.00000 	
-0.00000 	-0.00560 	-0.01115 	-0.01657 	-0.02181 	-0.02681 	-0.03151 	-0.03588 	-0.03984 	-0.04337 	-0.04643 	-0.04898 	-0.05099 	-0.05244 	-0.05332 	-0.05361 	-0.05332 	-0.05244 	-0.05099 	-0.04898 	-0.04643 	-0.04337 	-0.03984 	-0.03588 	-0.03151 	-0.02681 	-0.02181 	-0.01657 	-0.01115 	-0.00560 	-0.00000 	
-0.00000 	-0.00689 	-0.01370 	-0.02037 	-0.02681 	-0.03295 	-0.03874 	-0.04410 	-0.04898 	-0.05332 	-0.05708 	-0.06021 	-0.06268 	-0.06447 	-0.06555 	-0.06591 	-0.06555 	-0.06447 	-0.06268 	-0.06021 	-0.05708 	-0.05332 	-0.04898 	-0.04410 	-0.03874 	-0.03295 	-0.02681 	-0.02037 	-0.01370 	-0.00689 	-0.00000 	
-0.00000 	-0.00810 	-0.01611 	-0.02394 	-0.03151 	-0.03874 	-0.04554 	-0.05184 	-0.05758 	-0.06268 	-0.06710 	-0.07078 	-0.07369 	-0.07579 	-0.07706 	-0.07748 	-0.07706 	-0.07579 	-0.07369 	-0.07078 	-0.06710 	-0.06268 	-0.05758 	-0.05184 	-0.04554 	-0.03874 	-0.03151 	-0.02394 	-0.01611 	-0.00810 	-0.00000 	
-0.00000 	-0.00922 	-0.01834 	-0.02726 	-0.03588 	-0.04410 	-0.05184 	-0.05902 	-0.06555 	-0.07136 	-0.07639 	-0.08058 	-0.08389 	-0.08627 	-0.08772 	-0.08820 	-0.08772 	-0.08627 	-0.08389 	-0.08058 	-0.07639 	-0.07136 	-0.06555 	-0.05902 	-0.05184 	-0.04410 	-0.03588 	-0.02726 	-0.01834 	-0.00922 	-0.00000 	
-0.00000 	-0.01024 	-0.02037 	-0.03027 	-0.03984 	-0.04898 	-0.05758 	-0.06555 	-0.07280 	-0.07925 	-0.08483 	-0.08949 	-0.09316 	-0.09582 	-0.09742 	-0.09796 	-0.09742 	-0.09582 	-0.09316 	-0.08949 	-0.08483 	-0.07925 	-0.07280 	-0.06555 	-0.05758 	-0.04898 	-0.03984 	-0.03027 	-0.02037 	-0.01024 	-0.00000 	
-0.00000 	-0.01115 	-0.02217 	-0.03295 	-0.04337 	-0.05332 	-0.06268 	-0.07136 	-0.07925 	-0.08627 	-0.09235 	-0.09742 	-0.10142 	-0.10431 	-0.10606 	-0.10664 	-0.10606 	-0.10431 	-0.10142 	-0.09742 	-0.09235 	-0.08627 	-0.07925 	-0.07136 	-0.06268 	-0.05332 	-0.04337 	-0.03295 	-0.02217 	-0.01115 	-0.00000 	
-0.00000 	-0.01193 	-0.02373 	-0.03528 	-0.04643 	-0.05708 	-0.06710 	-0.07639 	-0.08483 	-0.09235 	-0.09886 	-0.10429 	-0.10857 	-0.11166 	-0.11353 	-0.11416 	-0.11353 	-0.11166 	-0.10857 	-0.10429 	-0.09886 	-0.09235 	-0.08483 	-0.07639 	-0.06710 	-0.05708 	-0.04643 	-0.03528 	-0.02373 	-0.01193 	-0.00000 	
-0.00000 	-0.01259 	-0.02504 	-0.03721 	-0.04898 	-0.06021 	-0.07078 	-0.08058 	-0.08949 	-0.09742 	-0.10429 	-0.11001 	-0.11453 	-0.11779 	-0.11976 	-0.12042 	-0.11976 	-0.11779 	-0.11453 	-0.11001 	-0.10429 	-0.09742 	-0.08949 	-0.08058 	-0.07078 	-0.06021 	-0.04898 	-0.03721 	-0.02504 	-0.01259 	-0.00000 	
-0.00000 	-0.01310 	-0.02606 	-0.03874 	-0.05099 	-0.06268 	-0.07369 	-0.08389 	-0.09316 	-0.10142 	-0.10857 	-0.11453 	-0.11923 	-0.12263 	-0.12468 	-0.12536 	-0.12468 	-0.12263 	-0.11923 	-0.11453 	-0.10857 	-0.10142 	-0.09316 	-0.08389 	-0.07369 	-0.06268 	-0.05099 	-0.03874 	-0.02606 	-0.01310 	-0.00000 	
-0.00000 	-0.01348 	-0.02681 	-0.03984 	-0.05244 	-0.06447 	-0.07579 	-0.08627 	-0.09582 	-0.10431 	-0.11166 	-0.11779 	-0.12263 	-0.12612 	-0.12823 	-0.12894 	-0.12823 	-0.12612 	-0.12263 	-0.11779 	-0.11166 	-0.10431 	-0.09582 	-0.08627 	-0.07579 	-0.06447 	-0.05244 	-0.03984 	-0.02681 	-0.01348 	-0.00000 	
-0.00000 	-0.01370 	-0.02726 	-0.04051 	-0.05332 	-0.06555 	-0.07706 	-0.08772 	-0.09742 	-0.10606 	-0.11353 	-0.11976 	-0.12468 	-0.12823 	-0.13038 	-0.13109 	-0.13038 	-0.12823 	-0.12468 	-0.11976 	-0.11353 	-0.10606 	-0.09742 	-0.08772 	-0.07706 	-0.06555 	-0.05332 	-0.04051 	-0.02726 	-0.01370 	-0.00000 	

 
 
+0.00000 	+0.00000 	+0.00000 	+0.00000 	+0.00000 	+0.00000 	+0.00000 	+0.00000 	+0.00000 	+0.00000 	+0.00000 	+0.00000 	+0.00000 	+0.00000 	+0.00000 	+0.00000 	-0.00000 	-0.00000 	-0.00000 	-0.00000 	-0.00000 	-0.00000 	-0.00000 	-0.00000 	-0.00000 	-0.00000 	-0.00000 	-0.00000 	-0.00000 	-0.00000 	
+0.10453 	+0.10396 	+0.10224 	+0.09941 	+0.09549 	+0.09052 	+0.08457 	+0.07768 	+0.06994 	+0.06144 	+0.05226 	+0.04252 	+0.03230 	+0.02173 	+0.01093 	+0.00000 	-0.01093 	-0.02173 	-0.03230 	-0.04252 	-0.05226 	-0.06144 	-0.06994 	-0.07768 	-0.08457 	-0.09052 	-0.09549 	-0.09941 	-0.10224 	-0.10396 	
+0.20791 	+0.20677 	+0.20337 	+0.19774 	+0.18994 	+0.18006 	+0.16820 	+0.15451 	+0.13912 	+0.12221 	+0.10396 	+0.08457 	+0.06425 	+0.04323 	+0.02173 	+0.00000 	-0.02173 	-0.04323 	-0.06425 	-0.08457 	-0.10396 	-0.12221 	-0.13912 	-0.15451 	-0.16820 	-0.18006 	-0.18994 	-0.19774 	-0.20337 	-0.20677 	
+0.30902 	+0.30732 	+0.30226 	+0.29389 	+0.28230 	+0.26762 	+0.25000 	+0.22964 	+0.20677 	+0.18164 	+0.15451 	+0.12569 	+0.09549 	+0.06425 	+0.03230 	+0.00000 	-0.03230 	-0.06425 	-0.09549 	-0.12569 	-0.15451 	-0.18164 	-0.20677 	-0.22964 	-0.25000 	-0.26762 	-0.28230 	-0.29389 	-0.30226 	-0.30732 	
+0.40674 	+0.40451 	+0.39785 	+0.38683 	+0.37157 	+0.35224 	+0.32906 	+0.30226 	+0.27216 	+0.23907 	+0.20337 	+0.16543 	+0.12569 	+0.08457 	+0.04252 	+0.00000 	-0.04252 	-0.08457 	-0.12569 	-0.16543 	-0.20337 	-0.23907 	-0.27216 	-0.30226 	-0.32906 	-0.35224 	-0.37157 	-0.38683 	-0.39785 	-0.40451 	
+0.50000 	+0.49726 	+0.48907 	+0.47553 	+0.45677 	+0.43301 	+0.40451 	+0.37157 	+0.33457 	+0.29389 	+0.25000 	+0.20337 	+0.15451 	+0.10396 	+0.05226 	+0.00000 	-0.05226 	-0.10396 	-0.15451 	-0.20337 	-0.25000 	-0.29389 	-0.33457 	-0.37157 	-0.40451 	-0.43301 	-0.45677 	-0.47553 	-0.48907 	-0.49726 	
+0.58779 	+0.58457 	+0.57494 	+0.55902 	+0.53697 	+0.50904 	+0.47553 	+0.43681 	+0.39331 	+0.34549 	+0.29389 	+0.23907 	+0.18164 	+0.12221 	+0.06144 	+0.00000 	-0.06144 	-0.12221 	-0.18164 	-0.23907 	-0.29389 	-0.34549 	-0.39331 	-0.43681 	-0.47553 	-0.50904 	-0.53697 	-0.55902 	-0.57494 	-0.58457 	
+0.66913 	+0.66547 	+0.65451 	+0.63638 	+0.61128 	+0.57948 	+0.54134 	+0.49726 	+0.44774 	+0.39331 	+0.33457 	+0.27216 	+0.20677 	+0.13912 	+0.06994 	+0.00000 	-0.06994 	-0.13912 	-0.20677 	-0.27216 	-0.33457 	-0.39331 	-0.44774 	-0.49726 	-0.54134 	-0.57948 	-0.61128 	-0.63638 	-0.65451 	-0.66547 	
+0.74314 	+0.73907 	+0.72691 	+0.70677 	+0.67890 	+0.64358 	+0.60122 	+0.55226 	+0.49726 	+0.43681 	+0.37157 	+0.30226 	+0.22964 	+0.15451 	+0.07768 	+0.00000 	-0.07768 	-0.15451 	-0.22964 	-0.30226 	-0.37157 	-0.43681 	-0.49726 	-0.55226 	-0.60122 	-0.64358 	-0.67890 	-0.70677 	-0.72691 	-0.73907 	
+0.80902 	+0.80459 	+0.79134 	+0.76942 	+0.73907 	+0.70063 	+0.65451 	+0.60122 	+0.54134 	+0.47553 	+0.40451 	+0.32906 	+0.25000 	+0.16820 	+0.08457 	+0.00000 	-0.08457 	-0.16820 	-0.25000 	-0.32906 	-0.40451 	-0.47553 	-0.54134 	-0.60122 	-0.65451 	-0.70063 	-0.73907 	-0.76942 	-0.79134 	-0.80459 	
+0.86603 	+0.86128 	+0.84710 	+0.82364 	+0.79115 	+0.75000 	+0.70063 	+0.64358 	+0.57948 	+0.50904 	+0.43301 	+0.35224 	+0.26762 	+0.18006 	+0.09052 	+0.00000 	-0.09052 	-0.18006 	-0.26762 	-0.35224 	-0.43301 	-0.50904 	-0.57948 	-0.64358 	-0.70063 	-0.75000 	-0.79115 	-0.82364 	-0.84710 	-0.86128 	
+0.91355 	+0.90854 	+0.89358 	+0.86883 	+0.83457 	+0.79115 	+0.73907 	+0.67890 	+0.61128 	+0.53697 	+0.45677 	+0.37157 	+0.28230 	+0.18994 	+0.09549 	+0.00000 	-0.09549 	-0.18994 	-0.28230 	-0.37157 	-0.45677 	-0.53697 	-0.61128 	-0.67890 	-0.73907 	-0.79115 	-0.83457 	-0.86883 	-0.89358 	-0.90854 	
+0.95106 	+0.94585 	+0.93027 	+0.90451 	+0.86883 	+0.82364 	+0.76942 	+0.70677 	+0.63638 	+0.55902 	+0.47553 	+0.38683 	+0.29389 	+0.19774 	+0.09941 	+0.00000 	-0.09941 	-0.19774 	-0.29389 	-0.38683 	-0.47553 	-0.55902 	-0.63638 	-0.70677 	-0.76942 	-0.82364 	-0.86883 	-0.90451 	-0.93027 	-0.94585 	
+0.97815 	+0.97279 	+0.95677 	+0.93027 	+0.89358 	+0.84710 	+0.79134 	+0.72691 	+0.65451 	+0.57494 	+0.48907 	+0.39785 	+0.30226 	+0.20337 	+0.10224 	+0.00000 	-0.10224 	-0.20337 	-0.30226 	-0.39785 	-0.48907 	-0.57494 	-0.65451 	-0.72691 	-0.79134 	-0.84710 	-0.89358 	-0.93027 	-0.95677 	-0.97279 	
+0.99452 	+0.98907 	+0.97279 	+0.94585 	+0.90854 	+0.86128 	+0.80459 	+0.73907 	+0.66547 	+0.58457 	+0.49726 	+0.40451 	+0.30732 	+0.20677 	+0.10396 	+0.00000 	-0.10396 	-0.20677 	-0.30732 	-0.40451 	-0.49726 	-0.58457 	-0.66547 	-0.73907 	-0.80459 	-0.86128 	-0.90854 	-0.94585 	-0.97279 	-0.98907 	
+1.00000 	+0.99452 	+0.97815 	+0.95106 	+0.91355 	+0.86603 	+0.80902 	+0.74314 	+0.66913 	+0.58779 	+0.50000 	+0.40674 	+0.30902 	+0.20791 	+0.10453 	+0.00000 	-0.10453 	-0.20791 	-0.30902 	-0.40674 	-0.50000 	-0.58779 	-0.66913 	-0.74314 	-0.80902 	-0.86603 	-0.91355 	-0.95106 	-0.97815 	-0.99452 	
+0.99452 	+0.98907 	+0.97279 	+0.94585 	+0.90854 	+0.86128 	+0.80459 	+0.73907 	+0.66547 	+0.58457 	+0.49726 	+0.40451 	+0.30732 	+0.20677 	+0.10396 	+0.00000 	-0.10396 	-0.20677 	-0.30732 	-0.40451 	-0.49726 	-0.58457 	-0.66547 	-0.73907 	-0.80459 	-0.86128 	-0.90854 	-0.94585 	-0.97279 	-0.98907 	
