+0.00 	+0.01 	+0.03 	+0.04 	+0.05 	+0.07 	+0.08 	+0.09 	+0.10 	+0.11 	+0.11 	+0.12 	+0.13 	+0.13 	+0.13 	+0.13 	+0.13 	+0.13 	+0.13 	+0.12 	+0.11 	+0.11 	+0.10 	+0.09 	+0.08 	+0.07 	+0.05 	+0.04 	+0.03 	+0.01 	+0.00 	
+0.00 	+0.01 	+0.03 	+0.04 	+0.05 	+0.07 	+0.08 	+0.09 	+0.10 	+0.11 	+0.11 	+0.12 	+0.12 	+0.13 	+0.13 	+0.13 	+0.13 	+0.13 	+0.12 	+0.12 	+0.11 	+0.11 	+0.10 	+0.09 	+0.08 	+0.07 	+0.05 	+0.04 	+0.03 	+0.01 	+0.00 	
+0.00 	+0.01 	+0.03 	+0.04 	+0.05 	+0.06 	+0.08 	+0.09 	+0.10 	+0.10 	+0.11 	+0.12 	+0.12 	+0.13 	+0.13 	+0.13 	+0.13 	+0.13 	+0.12 	+0.12 	+0.11 	+0.10 	+0.10 	+0.09 	+0.08 	+0.06 	+0.05 	+0.04 	+0.03 	+0.01 	+0.00 	
+0.00 	+0.01 	+0.03 	+0.04 	+0.05 	+0.06 	+0.07 	+0.08 	+0.09 	+0.10 	+0.11 	+0.11 	+0.12 	+0.12 	+0.12 	+0.13 	+0.12 	+0.12 	+0.12 	+0.11 	+0.11 	+0.10 	+0.09 	+0.08 	+0.07 	+0.06 	+0.05 	+0.04 	+0.03 	+0.01 	+0.00 	
+0.00 	+0.01 	+0.03 	+0.04 	+0.05 	+0.06 	+0.07 	+0.08 	+0.09 	+0.10 	+0.10 	+0.11 	+0.11 	+0.12 	+0.12 	+0.12 	+0.12 	+0.12 	+0.11 	+0.11 	+0.10 	+0.10 	+0.09 	+0.08 	+0.07 	+0.06 	+0.05 	+0.04 	+0.03 	+0.01 	+0.00 	
+0.00 	+0.01 	+0.02 	+0.04 	+0.05 	+0.06 	+0.07 	+0.08 	+0.08 	+0.09 	+0.10 	+0.10 	+0.11 	+0.11 	+0.11 	+0.11 	+0.11 	+0.11 	+0.11 	+0.10 	+0.10 	+0.09 	+0.08 	+0.08 	+0.07 	+0.06 	+0.05 	+0.04 	+0.02 	+0.01 	+0.00 	
+0.00 	+0.01 	+0.02 	+0.03 	+0.04 	+0.05 	+0.06 	+0.07 	+0.08 	+0.09 	+0.09 	+0.10 	+0.10 	+0.10 	+0.11 	+0.11 	+0.11 	+0.10 	+0.10 	+0.10 	+0.09 	+0.09 	+0.08 	+0.07 	+0.06 	+0.05 	+0.04 	+0.03 	+0.02 	+0.01 	+0.00 	
+0.00 	+0.01 	+0.02 	+0.03 	+0.04 	+0.05 	+0.06 	+0.07 	+0.07 	+0.08 	+0.08 	+0.09 	+0.09 	+0.10 	+0.10 	+0.10 	+0.10 	+0.10 	+0.09 	+0.09 	+0.08 	+0.08 	+0.07 	+0.07 	+0.06 	+0.05 	+0.04 	+0.03 	+0.02 	+0.01 	+0.00 	
+0.00 	+0.01 	+0.02 	+0.03 	+0.04 	+0.04 	+0.05 	+0.06 	+0.07 	+0.07 	+0.08 	+0.08 	+0.08 	+0.09 	+0.09 	+0.09 	+0.09 	+0.09 	+0.08 	+0.08 	+0.08 	+0.07 	+0.07 	+0.06 	+0.05 	+0.04 	+0.04 	+0.03 	+0.02 	+0.01 	+0.00 	
+0.00 	+0.01 	+0.02 	+0.02 	+0.03 	+0.04 	+0.05 	+0.05 	+0.06 	+0.06 	+0.07 	+0.07 	+0.07 	+0.08 	+0.08 	+0.08 	+0.08 	+0.08 	+0.07 	+0.07 	+0.07 	+0.06 	+0.06 	+0.05 	+0.05 	+0.04 	+0.03 	+0.02 	+0.02 	+0.01 	+0.00 	
+0.00 	+0.01 	+0.01 	+0.02 	+0.03 	+0.03 	+0.04 	+0.04 	+0.05 	+0.05 	+0.06 	+0.06 	+0.06 	+0.06 	+0.07 	+0.07 	+0.07 	+0.06 	+0.06 	+0.06 	+0.06 	+0.05 	+0.05 	+0.04 	+0.04 	+0.03 	+0.03 	+0.02 	+0.01 	+0.01 	+0.00 	
+0.00 	+0.01 	+0.01 	+0.02 	+0.02 	+0.03 	+0.03 	+0.04 	+0.04 	+0.04 	+0.05 	+0.05 	+0.05 	+0.05 	+0.05 	+0.05 	+0.05 	+0.05 	+0.05 	+0.05 	+0.05 	+0.04 	+0.04 	+0.04 	+0.03 	+0.03 	+0.02 	+0.02 	+0.01 	+0.01 	+0.00 	
+0.00 	+0.00 	+0.01 	+0.01 	+0.02 	+0.02 	+0.02 	+0.03 	+0.03 	+0.03 	+0.04 	+0.04 	+0.04 	+0.04 	+0.04 	+0.04 	+0.04 	+0.04 	+0.04 	+0.04 	+0.04 	+0.03 	+0.03 	+0.03 	+0.02 	+0.02 	+0.02 	+0.01 	+0.01 	+0.00 	+0.00 	
+0.00 	+0.00 	+0.01 	+0.01 	+0.01 	+0.01 	+0.02 	+0.02 	+0.02 	+0.02 	+0.02 	+0.03 	+0.03 	+0.03 	+0.03 	+0.03 	+0.03 	+0.03 	+0.03 	+0.03 	+0.02 	+0.02 	+0.02 	+0.02 	+0.02 	+0.01 	+0.01 	+0.01 	+0.01 	+0.00 	+0.00 	
+0.00 	+0.00 	+0.00 	+0.00 	+0.01 	+0.01 	+0.01 	+0.01 	+0.01 	+0.01 	+0.01 	+0.01 	+0.01 	+0.01 	+0.01 	+0.01 	+0.01 	+0.01 	+0.01 	+0.01 	+0.01 	+0.01 	+0.01 	+0.01 	+0.01 	+0.01 	+0.01 	+0.00 	+0.00 	+0.00 	+0.00 	
+0.00 	+0.00 	+0.00 	+0.00 	+0.00 	+0.00 	+0.00 	+0.00 	+0.00 	+0.00 	+0.00 	+0.00 	+0.00 	+0.00 	+0.00 	+0.00 	+0.00 	+0.00 	+0.00 	+0.00 	+0.00 	+0.00 	+0.00 	+0.00 	+0.00 	+0.00 	+0.00 	+0.00 	+0.00 	+0.00 	+0.00 	
-0.00 	-0.00 	-0.00 	-0.00 	-0.01 	-0.01 	-0.01 	-0.01 	-0.01 	-0.01 	-0.01 	-0.01 	-0.01 	-0.01 	-0.01 	-0.01 	-0.01 	-0.01 	-0.01 	-0.01 	-0.01 	-0.01 	-0.01 	-0.01 	-0.01 	-0.01 	-0.01 	-0.00 	-0.00 	-0.00 	-0.00 	
-0.00 	-0.00 	-0.01 	-0.01 	-0.01 	-0.01 	-0.02 	-0.02 	-0.02 	-0.02 	-0.02 	-0.03 	-0.03 	-0.03 	-0.03 	-0.03 	-0.03 	-0.03 	-0.03 	-0.03 	-0.02 	-0.02 	-0.02 	-0.02 	-0.02 	-0.01 	-0.01 	-0.01 	-0.01 	-0.00 	-0.00 	
-0.00 	-0.00 	-0.01 	-0.01 	-0.02 	-0.02 	-0.02 	-0.03 	-0.03 	-0.03 	-0.04 	-0.04 	-0.04 	-0.04 	-0.04 	-0.04 	-0.04 	-0.04 	-0.04 	-0.04 	-0.04 	-0.03 	-0.03 	-0.03 	-0.02 	-0.02 	-0.02 	-0.01 	-0.01 	-0.00 	-0.00 	
-0.00 	-0.01 	-0.01 	-0.02 	-0.02 	-0.03 	-0.03 	-0.04 	-0.04 	-0.04 	-0.05 	-0.05 	-0.05 	-0.05 	-0.05 	-0.05 	-0.05 	-0.05 	-0.05 	-0.05 	-0.05 	-0.04 	-0.04 	-0.04 	-0.03 	-0.03 	-0.02 	-0.02 	-0.01 	-0.01 	-0.00 	
-0.00 	-0.01 	-0.01 	-0.02 	-0.03 	-0.03 	-0.04 	-0.04 	-0.05 	-0.05 	-0.06 	-0.06 	-0.06 	-0.06 	-0.07 	-0.07 	-0.07 	-0.06 	-0.06 	-0.06 	-0.06 	-0.05 	-0.05 	-0.04 	-0.04 	-0.03 	-0.03 	-0.02 	-0.01 	-0.01 	-0.00 	
-0.00 	-0.01 	-0.02 	-0.02 	-0.03 	-0.04 	-0.05 	-0.05 	-0.06 	-0.06 	-0.07 	-0.07 	-0.07 	-0.08 	-0.08 	-0.08 	-0.08 	-0.08 	-0.07 	-0.07 	-0.07 	-0.06 	-0.06 	-0.05 	-0.05 	-0.04 	-0.03 	-0.02 	-0.02 	-0.01 	-0.00 	
-0.00 	-0.01 	-0.02 	-0.03 	-0.04 	-0.04 	-0.05 	-0.06 	-0.07 	-0.07 	-0.08 	-0.08 	-0.08 	-0.09 	-0.09 	-0.09 	-0.09 	-0.09 	-0.08 	-0.08 	-0.08 	-0.07 	-0.07 	-0.06 	-0.05 	-0.04 	-0.04 	-0.03 	-0.02 	-0.01 	-0.00 	
-0.00 	-0.01 	-0.02 	-0.03 	-0.04 	-0.05 	-0.06 	-0.07 	-0.07 	-0.08 	-0.08 	-0.09 	-0.09 	-0.10 	-0.10 	-0.10 	-0.10 	-0.10 	-0.09 	-0.09 	-0.08 	-0.08 	-0.07 	-0.07 	-0.06 	-0.05 	-0.04 	-0.03 	-0.02 	-0.01 	-0.00 	
-0.00 	-0.01 	-0.02 	-0.03 	-0.04 	-0.05 	-0.06 	-0.07 	-0.08 	-0.09 	-0.09 	-0.10 	-0.10 	-0.10 	-0.11 	-0.11 	-0.11 	-0.10 	-0.10 	-0.10 	-0.09 	-0.09 	-0.08 	-0.07 	-0.06 	-0.05 	-0.04 	-0.03 	-0.02 	-0.01 	-0.00 	
-0.00 	-0.01 	-0.02 	-0.04 	-0.05 	-0.06 	-0.07 	-0.08 	-0.08 	-0.09 	-0.10 	-0.10 	-0.11 	-0.11 	-0.11 	-0.11 	-0.11 	-0.11 	-0.11 	-0.10 	-0.10 	-0.09 	-0.08 	-0.08 	-0.07 	-0.06 	-0.05 	-0.04 	-0.02 	-0.01 	-0.00 	
-0.00 	-0.01 	-0.03 	-0.04 	-0.05 	-0.06 	-0.07 	-0.08 	-0.09 	-0.10 	-0.10 	-0.11 	-0.11 	-0.12 	-0.12 	-0.12 	-0.12 	-0.12 	-0.11 	-0.11 	-0.10 	-0.10 	-0.09 	-0.08 	-0.07 	-0.06 	-0.05 	-0.04 	-0.03 	-0.01 	-0.00 	
-0.00 	-0.01 	-0.03 	-0.04 	-0.05 	-0.06 	-0.07 	-0.08 	-0.09 	-0.10 	-0.11 	-0.11 	-0.12 	-0.12 	-0.12 	-0.13 	-0.12 	-0.12 	-0.12 	-0.11 	-0.11 	-0.10 	-0.09 	-0.08 	-0.07 	-0.06 	-0.05 	-0.04 	-0.03 	-0.01 	-0.00 	
-0.00 	-0.01 	-0.03 	-0.04 	-0.05 	-0.06 	-0.08 	-0.09 	-0.10 	-0.10 	-0.11 	-0.12 	-0.12 	-0.13 	-0.13 	-0.13 	-0.13 	-0.13 	-0.12 	-0.12 	-0.11 	-0.10 	-0.10 	-0.09 	-0.08 	-0.06 	-0.05 	-0.04 	-0.03 	-0.01 	-0.00 	
-0.00 	-0.01 	-0.03 	-0.04 	-0.05 	-0.07 	-0.08 	-0.09 	-0.10 	-0.11 	-0.11 	-0.12 	-0.12 	-0.13 	-0.13 	-0.13 	-0.13 	-0.13 	-0.12 	-0.12 	-0.11 	-0.11 	-0.10 	-0.09 	-0.08 	-0.07 	-0.05 	-0.04 	-0.03 	-0.01 	-0.00 	

 
 
+0.00 	+0.00 	+0.00 	+0.00 	+0.00 	+0.00 	+0.00 	+0.00 	+0.00 	+0.00 	+0.00 	+0.00 	+0.00 	+0.00 	+0.00 	+0.00 	-0.00 	-0.00 	-0.00 	-0.00 	-0.00 	-0.00 	-0.00 	-0.00 	-0.00 	-0.00 	-0.00 	-0.00 	-0.00 	-0.00 	
+0.10 	+0.10 	+0.10 	+0.10 	+0.10 	+0.09 	+0.08 	+0.08 	+0.07 	+0.06 	+0.05 	+0.04 	+0.03 	+0.02 	+0.01 	+0.00 	-0.01 	-0.02 	-0.03 	-0.04 	-0.05 	-0.06 	-0.07 	-0.08 	-0.08 	-0.09 	-0.10 	-0.10 	-0.10 	-0.10 	
+0.21 	+0.21 	+0.20 	+0.20 	+0.19 	+0.18 	+0.17 	+0.15 	+0.14 	+0.12 	+0.10 	+0.08 	+0.06 	+0.04 	+0.02 	+0.00 	-0.02 	-0.04 	-0.06 	-0.08 	-0.10 	-0.12 	-0.14 	-0.15 	-0.17 	-0.18 	-0.19 	-0.20 	-0.20 	-0.21 	
+0.31 	+0.31 	+0.30 	+0.29 	+0.28 	+0.27 	+0.25 	+0.23 	+0.21 	+0.18 	+0.15 	+0.13 	+0.10 	+0.06 	+0.03 	+0.00 	-0.03 	-0.06 	-0.10 	-0.13 	-0.15 	-0.18 	-0.21 	-0.23 	-0.25 	-0.27 	-0.28 	-0.29 	-0.30 	-0.31 	
+0.41 	+0.40 	+0.40 	+0.39 	+0.37 	+0.35 	+0.33 	+0.30 	+0.27 	+0.24 	+0.20 	+0.17 	+0.13 	+0.08 	+0.04 	+0.00 	-0.04 	-0.08 	-0.13 	-0.17 	-0.20 	-0.24 	-0.27 	-0.30 	-0.33 	-0.35 	-0.37 	-0.39 	-0.40 	-0.40 	
+0.50 	+0.50 	+0.49 	+0.48 	+0.46 	+0.43 	+0.40 	+0.37 	+0.33 	+0.29 	+0.25 	+0.20 	+0.15 	+0.10 	+0.05 	+0.00 	-0.05 	-0.10 	-0.15 	-0.20 	-0.25 	-0.29 	-0.33 	-0.37 	-0.40 	-0.43 	-0.46 	-0.48 	-0.49 	-0.50 	
+0.59 	+0.58 	+0.57 	+0.56 	+0.54 	+0.51 	+0.48 	+0.44 	+0.39 	+0.35 	+0.29 	+0.24 	+0.18 	+0.12 	+0.06 	+0.00 	-0.06 	-0.12 	-0.18 	-0.24 	-0.29 	-0.35 	-0.39 	-0.44 	-0.48 	-0.51 	-0.54 	-0.56 	-0.57 	-0.58 	
+0.67 	+0.67 	+0.65 	+0.64 	+0.61 	+0.58 	+0.54 	+0.50 	+0.45 	+0.39 	+0.33 	+0.27 	+0.21 	+0.14 	+0.07 	+0.00 	-0.07 	-0.14 	-0.21 	-0.27 	-0.33 	-0.39 	-0.45 	-0.50 	-0.54 	-0.58 	-0.61 	-0.64 	-0.65 	-0.67 	
+0.74 	+0.74 	+0.73 	+0.71 	+0.68 	+0.64 	+0.60 	+0.55 	+0.50 	+0.44 	+0.37 	+0.30 	+0.23 	+0.15 	+0.08 	+0.00 	-0.08 	-0.15 	-0.23 	-0.30 	-0.37 	-0.44 	-0.50 	-0.55 	-0.60 	-0.64 	-0.68 	-0.71 	-0.73 	-0.74 	
+0.81 	+0.80 	+0.79 	+0.77 	+0.74 	+0.70 	+0.65 	+0.60 	+0.54 	+0.48 	+0.40 	+0.33 	+0.25 	+0.17 	+0.08 	+0.00 	-0.08 	-0.17 	-0.25 	-0.33 	-0.40 	-0.48 	-0.54 	-0.60 	-0.65 	-0.70 	-0.74 	-0.77 	-0.79 	-0.80 	
+0.87 	+0.86 	+0.85 	+0.82 	+0.79 	+0.75 	+0.70 	+0.64 	+0.58 	+0.51 	+0.43 	+0.35 	+0.27 	+0.18 	+0.09 	+0.00 	-0.09 	-0.18 	-0.27 	-0.35 	-0.43 	-0.51 	-0.58 	-0.64 	-0.70 	-0.75 	-0.79 	-0.82 	-0.85 	-0.86 	
+0.91 	+0.91 	+0.89 	+0.87 	+0.83 	+0.79 	+0.74 	+0.68 	+0.61 	+0.54 	+0.46 	+0.37 	+0.28 	+0.19 	+0.10 	+0.00 	-0.10 	-0.19 	-0.28 	-0.37 	-0.46 	-0.54 	-0.61 	-0.68 	-0.74 	-0.79 	-0.83 	-0.87 	-0.89 	-0.91 	
+0.95 	+0.95 	+0.93 	+0.90 	+0.87 	+0.82 	+0.77 	+0.71 	+0.64 	+0.56 	+0.48 	+0.39 	+0.29 	+0.20 	+0.10 	+0.00 	-0.10 	-0.20 	-0.29 	-0.39 	-0.48 	-0.56 	-0.64 	-0.71 	-0.77 	-0.82 	-0.87 	-0.90 	-0.93 	-0.95 	
+0.98 	+0.97 	+0.96 	+0.93 	+0.89 	+0.85 	+0.79 	+0.73 	+0.65 	+0.57 	+0.49 	+0.40 	+0.30 	+0.20 	+0.10 	+0.00 	-0.10 	-0.20 	-0.30 	-0.40 	-0.49 	-0.57 	-0.65 	-0.73 	-0.79 	-0.85 	-0.89 	-0.93 	-0.96 	-0.97 	
+0.99 	+0.99 	+0.97 	+0.95 	+0.91 	+0.86 	+0.80 	+0.74 	+0.67 	+0.58 	+0.50 	+0.40 	+0.31 	+0.21 	+0.10 	+0.00 	-0.10 	-0.21 	-0.31 	-0.40 	-0.50 	-0.58 	-0.67 	-0.74 	-0.80 	-0.86 	-0.91 	-0.95 	-0.97 	-0.99 	
+1.00 	+0.99 	+0.98 	+0.95 	+0.91 	+0.87 	+0.81 	+0.74 	+0.67 	+0.59 	+0.50 	+0.41 	+0.31 	+0.21 	+0.10 	+0.00 	-0.10 	-0.21 	-0.31 	-0.41 	-0.50 	-0.59 	-0.67 	-0.74 	-0.81 	-0.87 	-0.91 	-0.95 	-0.98 	-0.99 	
+0.99 	+0.99 	+0.97 	+0.95 	+0.91 	+0.86 	+0.80 	+0.74 	+0.67 	+0.58 	+0.50 	+0.40 	+0.31 	+0.21 	+0.10 	+0.00 	-0.10 	-0.21 	-0.31 	-0.40 	-0.50 	-0.58 	-0.67 	-0.74 	-0.80 	-0.86 	-0.91 	-0.95 	-0.97 	-0.99 	
+0.98 	+0.97 	+0.96 	+0.93 	+0.89 	+0.85 	+0.79 	+0.73 	+0.65 	+0.57 	+0.49 	+0.40 	+0.30 	+0.20 	+0.10 	+0.00 	-0.10 	-0.20 	-0.30 	-0.40 	-0.49 	-0.57 	-0.65 	-0.73 	-0.79 	-0.85 	-0.89 	-0.93 	-0.96 	-0.97 	
+0.95 	+0.95 	+0.93 	+0.90 	+0.87 	+0.82 	+0.77 	+0.71 	+0.64 	+0.56 	+0.48 	+0.39 	+0.29 	+0.20 	+0.10 	+0.00 	-0.10 	-0.20 	-0.29 	-0.39 	-0.48 	-0.56 	-0.64 	-0.71 	-0.77 	-0.82 	-0.87 	-0.90 	-0.93 	-0.95 	
+0.91 	+0.91 	+0.89 	+0.87 	+0.83 	+0.79 	+0.74 	+0.68 	+0.61 	+0.54 	+0.46 	+0.37 	+0.28 	+0.19 	+0.10 	+0.00 	-0.10 	-0.19 	-0.28 	-0.37 	-0.46 	-0.54 	-0.61 	-0.68 	-0.74 	-0.79 	-0.83 	-0.87 	-0.89 	-0.91 	
+0.87 	+0.86 	+0.85 	+0.82 	+0.79 	+0.75 	+0.70 	+0.64 	+0.58 	+0.51 	+0.43 	+0.35 	+0.27 	+0.18 	+0.09 	+0.00 	-0.09 	-0.18 	-0.27 	-0.35 	-0.43 	-0.51 	-0.58 	-0.64 	-0.70 	-0.75 	-0.79 	-0.82 	-0.85 	-0.86 	
+0.81 	+0.80 	+0.79 	+0.77 	+0.74 	+0.70 	+0.65 	+0.60 	+0.54 	+0.48 	+0.40 	+0.33 	+0.25 	+0.17 	+0.08 	+0.00 	-0.08 	-0.17 	-0.25 	-0.33 	-0.40 	-0.48 	-0.54 	-0.60 	-0.65 	-0.70 	-0.74 	-0.77 	-0.79 	-0.80 	
+0.74 	+0.74 	+0.73 	+0.71 	+0.68 	+0.64 	+0.60 	+0.55 	+0.50 	+0.44 	+0.37 	+0.30 	+0.23 	+0.15 	+0.08 	+0.00 	-0.08 	-0.15 	-0.23 	-0.30 	-0.37 	-0.44 	-0.50 	-0.55 	-0.60 	-0.64 	-0.68 	-0.71 	-0.73 	-0.74 	
+0.67 	+0.67 	+0.65 	+0.64 	+0.61 	+0.58 	+0.54 	+0.50 	+0.45 	+0.39 	+0.33 	+0.27 	+0.21 	+0.14 	+0.07 	+0.00 	-0.07 	-0.14 	-0.21 	-0.27 	-0.33 	-0.39 	-0.45 	-0.50 	-0.54 	-0.58 	-0.61 	-0.64 	-0.65 	-0.67 	
+0.59 	+0.58 	+0.57 	+0.56 	+0.54 	+0.51 	+0.48 	+0.44 	+0.39 	+0.35 	+0.29 	+0.24 	+0.18 	+0.12 	+0.06 	+0.00 	-0.06 	-0.12 	-0.18 	-0.24 	-0.29 	-0.35 	-0.39 	-0.44 	-0.48 	-0.51 	-0.54 	-0.56 	-0.57 	-0.58 	
+0.50 	+0.50 	+0.49 	+0.48 	+0.46 	+0.43 	+0.40 	+0.37 	+0.33 	+0.29 	+0.25 	+0.20 	+0.15 	+0.10 	+0.05 	+0.00 	-0.05 	-0.10 	-0.15 	-0.20 	-0.25 	-0.29 	-0.33 	-0.37 	-0.40 	-0.43 	-0.46 	-0.48 	-0.49 	-0.50 	
+0.41 	+0.40 	+0.40 	+0.39 	+0.37 	+0.35 	+0.33 	+0.30 	+0.27 	+0.24 	+0.20 	+0.17 	+0.13 	+0.08 	+0.04 	+0.00 	-0.04 	-0.08 	-0.13 	-0.17 	-0.20 	-0.24 	-0.27 	-0.30 	-0.33 	-0.35 	-0.37 	-0.39 	-0.40 	-0.40 	
+0.31 	+0.31 	+0.30 	+0.29 	+0.28 	+0.27 	+0.25 	+0.23 	+0.21 	+0.18 	+0.15 	+0.13 	+0.10 	+0.06 	+0.03 	+0.00 	-0.03 	-0.06 	-0.10 	-0.13 	-0.15 	-0.18 	-0.21 	-0.23 	-0.25 	-0.27 	-0.28 	-0.29 	-0.30 	-0.31 	
+0.21 	+0.21 	+0.20 	+0.20 	+0.19 	+0.18 	+0.17 	+0.15 	+0.14 	+0.12 	+0.10 	+0.08 	+0.06 	+0.04 	+0.02 	+0.00 	-0.02 	-0.04 	-0.06 	-0.08 	-0.10 	-0.12 	-0.14 	-0.15 	-0.17 	-0.18 	-0.19 	-0.20 	-0.20 	-0.21 	
+0.10 	+0.10 	+0.10 	+0.10 	+0.10 	+0.09 	+0.08 	+0.08 	+0.07 	+0.06 	+0.05 	+0.04 	+0.03 	+0.02 	+0.01 	+0.00 	-0.01 	-0.02 	-0.03 	-0.04 	-0.05 	-0.06 	-0.07 	-0.08 	-0.08 	-0.09 	-0.10 	-0.10 	-0.10 	-0.10 	
+0.00 	+0.00 	+0.00 	+0.00 	+0.00 	+0.00 	+0.00 	+0.00 	+0.00 	+0.00 	+0.00 	+0.00 	+0.00 	+0.00 	+0.00 	+0.00 	-0.00 	-0.00 	-0.00 	-0.00 	-0.00 	-0.00 	-0.00 	-0.00 	-0.00 	-0.00 	-0.00 	-0.00 	-0.00 	-0.00 	

 
 
+1.00 	+0.99 	+0.98 	+0.95 	+0.91 	+0.87 	+0.81 	+0.74 	+0.67 	+0.59 	+0.50 	+0.41 	+0.31 	+0.21 	+0.10 	+0.00 	-0.10 	-0.21 	-0.31 	-0.41 	-0.50 	-0.59 	-0.67 	-0.74 	-0.81 	-0.87 	-0.91 	-0.95 	-0.98 	-0.99 	
+0.99 	+0.99 	+0.97 	+0.95 	+0.91 	+0.86 	+0.80 	+0.74 	+0.67 	+0.58 	+0.50 	+0.40 	+0.31 	+0.21 	+0.10 	+0.00 	-0.10 	-0.21 	-0.31 	-0.40 	-0.50 	-0.58 	-0.67 	-0.74 	-0.80 	-0.86 	-0.91 	-0.95 	-0.97 	-0.99 	
+0.98 	+0.97 	+0.96 	+0.93 	+0.89 	+0.85 	+0.79 	+0.73 	+0.65 	+0.57 	+0.49 	+0.40 	+0.30 	+0.20 	+0.10 	+0.00 	-0.10 	-0.20 	-0.30 	-0.40 	-0.49 	-0.57 	-0.65 	-0.73 	-0.79 	-0.85 	-0.89 	-0.93 	-0.96 	-0.97 	
+0.95 	+0.95 	+0.93 	+0.90 	+0.87 	+0.82 	+0.77 	+0.71 	+0.64 	+0.56 	+0.48 	+0.39 	+0.29 	+0.20 	+0.10 	+0.00 	-0.10 	-0.20 	-0.29 	-0.39 	-0.48 	-0.56 	-0.64 	-0.71 	-0.77 	-0.82 	-0.87 	-0.90 	-0.93 	-0.95 	
+0.91 	+0.91 	+0.89 	+0.87 	+0.83 	+0.79 	+0.74 	+0.68 	+0.61 	+0.54 	+0.46 	+0.37 	+0.28 	+0.19 	+0.10 	+0.00 	-0.10 	-0.19 	-0.28 	-0.37 	-0.46 	-0.54 	-0.61 	-0.68 	-0.74 	-0.79 	-0.83 	-0.87 	-0.89 	-0.91 	
+0.87 	+0.86 	+0.85 	+0.82 	+0.79 	+0.75 	+0.70 	+0.64 	+0.58 	+0.51 	+0.43 	+0.35 	+0.27 	+0.18 	+0.09 	+0.00 	-0.09 	-0.18 	-0.27 	-0.35 	-0.43 	-0.51 	-0.58 	-0.64 	-0.70 	-0.75 	-0.79 	-0.82 	-0.85 	-0.86 	
+0.81 	+0.80 	+0.79 	+0.77 	+0.74 	+0.70 	+0.65 	+0.60 	+0.54 	+0.48 	+0.40 	+0.33 	+0.25 	+0.17 	+0.08 	+0.00 	-0.08 	-0.17 	-0.25 	-0.33 	-0.40 	-0.48 	-0.54 	-0.60 	-0.65 	-0.70 	-0.74 	-0.77 	-0.79 	-0.80 	
+0.74 	+0.74 	+0.73 	+0.71 	+0.68 	+0.64 	+0.60 	+0.55 	+0.50 	+0.44 	+0.37 	+0.30 	+0.23 	+0.15 	+0.08 	+0.00 	-0.08 	-0.15 	-0.23 	-0.30 	-0.37 	-0.44 	-0.50 	-0.55 	-0.60 	-0.64 	-0.68 	-0.71 	-0.73 	-0.74 	
+0.67 	+0.67 	+0.65 	+0.64 	+0.61 	+0.58 	+0.54 	+0.50 	+0.45 	+0.39 	+0.33 	+0.27 	+0.21 	+0.14 	+0.07 	+0.00 	-0.07 	-0.14 	-0.21 	-0.27 	-0.33 	-0.39 	-0.45 	-0.50 	-0.54 	-0.58 	-0.61 	-0.64 	-0.65 	-0.67 	
+0.59 	+0.58 	+0.57 	+0.56 	+0.54 	+0.51 	+0.48 	+0.44 	+0.39 	+0.35 	+0.29 	+0.24 	+0.18 	+0.12 	+0.06 	+0.00 	-0.06 	-0.12 	-0.18 	-0.24 	-0.29 	-0.35 	-0.39 	-0.44 	-0.48 	-0.51 	-0.54 	-0.56 	-0.57 	-0.58 	
+0.50 	+0.50 	+0.49 	+0.48 	+0.46 	+0.43 	+0.40 	+0.37 	+0.33 	+0.29 	+0.25 	+0.20 	+0.15 	+0.10 	+0.05 	+0.00 	-0.05 	-0.10 	-0.15 	-0.20 	-0.25 	-0.29 	-0.33 	-0.37 	-0.40 	-0.43 	-0.46 	-0.48 	-0.49 	-0.50 	
+0.41 	+0.40 	+0.40 	+0.39 	+0.37 	+0.35 	+0.33 	+0.30 	+0.27 	+0.24 	+0.20 	+0.17 	+0.13 	+0.08 	+0.04 	+0.00 	-0.04 	-0.08 	-0.13 	-0.17 	-0.20 	-0.24 	-0.27 	-0.30 	-0.33 	-0.35 	-0.37 	-0.39 	-0.40 	-0.40 	
+0.31 	+0.31 	+0.30 	+0.29 	+0.28 	+0.27 	+0.25 	+0.23 	+0.21 	+0.18 	+0.15 	+0.13 	+0.10 	+0.06 	+0.03 	+0.00 	-0.03 	-0.06 	-0.10 	-0.13 	-0.15 	-0.18 	-0.21 	-0.23 	-0.25 	-0.27 	-0.28 	-0.29 	-0.30 	-0.31 	
+0.21 	+0.21 	+0.20 	+0.20 	+0.19 	+0.18 	+0.17 	+0.15 	+0.14 	+0.12 	+0.10 	+0.08 	+0.06 	+0.04 	+0.02 	+0.00 	-0.02 	-0.04 	-0.06 	-0.08 	-0.10 	-0.12 	-0.14 	-0.15 	-0.17 	-0.18 	-0.19 	-0.20 	-0.20 	-0.21 	
+0.10 	+0.10 	+0.10 	+0.10 	+0.10 	+0.09 	+0.08 	+0.08 	+0.07 	+0.06 	+0.05 	+0.04 	+0.03 	+0.02 	+0.01 	+0.00 	-0.01 	-0.02 	-0.03 	-0.04 	-0.05 	-0.06 	-0.07 	-0.08 	-0.08 	-0.09 	-0.10 	-0.10 	-0.10 	-0.10 	
+0.00 	+0.00 	+0.00 	+0.00 	+0.00 	+0.00 	+0.00 	+0.00 	+0.00 	+0.00 	+0.00 	+0.00 	+0.00 	+0.00 	+0.00 	+0.00 	-0.00 	-0.00 	-0.00 	-0.00 	-0.00 	-0.00 	-0.00 	-0.00 	-0.00 	-0.00 	-0.00 	-0.00 	-0.00 	-0.00 	
-0.10 	-0.10 	-0.10 	-0.10 	-0.10 	-0.09 	-0.08 	-0.08 	-0.07 	-0.06 	-0.05 	-0.04 	-0.03 	-0.02 	-0.01 	-0.00 	+0.01 	+0.02 	+0.03 	+0.04 	+0.05 	+0.06 	+0.07 	+0.08 	+0.08 	+0.09 	+0.10 	+0.10 	+0.10 	+0.10 	
-0.21 	-0.21 	-0.20 	-0.20 	-0.19 	-0.18 	-0.17 	-0.15 	-0.14 	-0.12 	-0.10 	-0.08 	-0.06 	-0.04 	-0.02 	-0.00 	+0.02 	+0.04 	+0.06 	+0.08 	+0.10 	+0.12 	+0.14 	+0.15 	+0.17 	+0.18 	+0.19 	+0.20 	+0.20 	+0.21 	
-0.31 	-0.31 	-0.30 	-0.29 	-0.28 	-0.27 	-0.25 	-0.23 	-0.21 	-0.18 	-0.15 	-0.13 	-0.10 	-0.06 	-0.03 	-0.00 	+0.03 	+0.06 	+0.10 	+0.13 	+0.15 	+0.18 	+0.21 	+0.23 	+0.25 	+0.27 	+0.28 	+0.29 	+0.30 	+0.31 	
-0.41 	-0.40 	-0.40 	-0.39 	-0.37 	-0.35 	-0.33 	-0.30 	-0.27 	-0.24 	-0.20 	-0.17 	-0.13 	-0.08 	-0.04 	-0.00 	+0.04 	+0.08 	+0.13 	+0.17 	+0.20 	+0.24 	+0.27 	+0.30 	+0.33 	+0.35 	+0.37 	+0.39 	+0.40 	+0.40 	
-0.50 	-0.50 	-0.49 	-0.48 	-0.46 	-0.43 	-0.40 	-0.37 	-0.33 	-0.29 	-0.25 	-0.20 	-0.15 	-0.10 	-0.05 	-0.00 	+0.05 	+0.10 	+0.15 	+0.20 	+0.25 	+0.29 	+0.33 	+0.37 	+0.40 	+0.43 	+0.46 	+0.48 	+0.49 	+0.50 	
-0.59 	-0.58 	-0.57 	-0.56 	-0.54 	-0.51 	-0.48 	-0.44 	-0.39 	-0.35 	-0.29 	-0.24 	-0.18 	-0.12 	-0.06 	-0.00 	+0.06 	+0.12 	+0.18 	+0.24 	+0.29 	+0.35 	+0.39 	+0.44 	+0.48 	+0.51 	+0.54 	+0.56 	+0.57 	+0.58 	
-0.67 	-0.67 	-0.65 	-0.64 	-0.61 	-0.58 	-0.54 	-0.50 	-0.45 	-0.39 	-0.33 	-0.27 	-0.21 	-0.14 	-0.07 	-0.00 	+0.07 	+0.14 	+0.21 	+0.27 	+0.33 	+0.39 	+0.45 	+0.50 	+0.54 	+0.58 	+0.61 	+0.64 	+0.65 	+0.67 	
-0.74 	-0.74 	-0.73 	-0.71 	-0.68 	-0.64 	-0.60 	-0.55 	-0.50 	-0.44 	-0.37 	-0.30 	-0.23 	-0.15 	-0.08 	-0.00 	+0.08 	+0.15 	+0.23 	+0.30 	+0.37 	+0.44 	+0.50 	+0.55 	+0.60 	+0.64 	+0.68 	+0.71 	+0.73 	+0.74 	
-0.81 	-0.80 	-0.79 	-0.77 	-0.74 	-0.70 	-0.65 	-0.60 	-0.54 	-0.48 	-0.40 	-0.33 	-0.25 	-0.17 	-0.08 	-0.00 	+0.08 	+0.17 	+0.25 	+0.33 	+0.40 	+0.48 	+0.54 	+0.60 	+0.65 	+0.70 	+0.74 	+0.77 	+0.79 	+0.80 	
-0.87 	-0.86 	-0.85 	-0.82 	-0.79 	-0.75 	-0.70 	-0.64 	-0.58 	-0.51 	-0.43 	-0.35 	-0.27 	-0.18 	-0.09 	-0.00 	+0.09 	+0.18 	+0.27 	+0.35 	+0.43 	+0.51 	+0.58 	+0.64 	+0.70 	+0.75 	+0.79 	+0.82 	+0.85 	+0.86 	
-0.91 	-0.91 	-0.89 	-0.87 	-0.83 	-0.79 	-0.74 	-0.68 	-0.61 	-0.54 	-0.46 	-0.37 	-0.28 	-0.19 	-0.10 	-0.00 	+0.10 	+0.19 	+0.28 	+0.37 	+0.46 	+0.54 	+0.61 	+0.68 	+0.74 	+0.79 	+0.83 	+0.87 	+0.89 	+0.91 	
-0.95 	-0.95 	-0.93 	-0.90 	-0.87 	-0.82 	-0.77 	-0.71 	-0.64 	-0.56 	-0.48 	-0.39 	-0.29 	-0.20 	-0.10 	-0.00 	+0.10 	+0.20 	+0.29 	+0.39 	+0.48 	+0.56 	+0.64 	+0.71 	+0.77 	+0.82 	+0.87 	+0.90 	+0.93 	+0.95 	
-0.98 	-0.97 	-0.96 	-0.93 	-0.89 	-0.85 	-0.79 	-0.73 	-0.65 	-0.57 	-0.49 	-0.40 	-0.30 	-0.20 	-0.10 	-0.00 	+0.10 	+0.20 	+0.30 	+0.40 	+0.49 	+0.57 	+0.65 	+0.73 	+0.79 	+0.85 	+0.89 	+0.93 	+0.96 	+0.97 	
-0.99 	-0.99 	-0.97 	-0.95 	-0.91 	-0.86 	-0.80 	-0.74 	-0.67 	-0.58 	-0.50 	-0.40 	-0.31 	-0.21 	-0.10 	-0.00 	+0.10 	+0.21 	+0.31 	+0.40 	+0.50 	+0.58 	+0.67 	+0.74 	+0.80 	+0.86 	+0.91 	+0.95 	+0.97 	+0.99 	

 
 
+0.00 	-0.05 	-0.04 	-0.02 	-0.01 	+0.00 	+0.02 	+0.03 	+0.05 	+0.06 	+0.07 	+0.08 	+0.10 	+0.11 	+0.11 	+0.12 	+0.13 	+0.13 	+0.14 	+0.14 	+0.14 	+0.14 	+0.14 	+0.13 	+0.13 	+0.12 	+0.11 	+0.10 	+0.09 	+0.08 	+0.00 	
+0.00 	+0.01 	-0.04 	-0.03 	-0.01 	+0.00 	+0.01 	+0.03 	+0.04 	+0.05 	+0.07 	+0.08 	+0.09 	+0.10 	+0.11 	+0.11 	+0.12 	+0.12 	+0.13 	+0.13 	+0.13 	+0.13 	+0.13 	+0.12 	+0.12 	+0.11 	+0.11 	+0.10 	+0.09 	+0.08 	+0.00 	
+0.00 	+0.08 	+0.02 	-0.03 	-0.02 	-0.00 	+0.01 	+0.02 	+0.04 	+0.05 	+0.06 	+0.07 	+0.08 	+0.09 	+0.10 	+0.10 	+0.11 	+0.12 	+0.12 	+0.12 	+0.12 	+0.12 	+0.12 	+0.12 	+0.11 	+0.11 	+0.10 	+0.09 	+0.08 	+0.07 	+0.00 	
+0.00 	+0.07 	+0.09 	+0.04 	-0.02 	-0.00 	+0.01 	+0.02 	+0.03 	+0.04 	+0.05 	+0.06 	+0.07 	+0.08 	+0.09 	+0.10 	+0.10 	+0.11 	+0.11 	+0.11 	+0.11 	+0.11 	+0.11 	+0.11 	+0.10 	+0.10 	+0.09 	+0.09 	+0.08 	+0.07 	+0.00 	
+0.00 	+0.07 	+0.08 	+0.10 	+0.04 	-0.00 	+0.01 	+0.02 	+0.03 	+0.04 	+0.05 	+0.06 	+0.06 	+0.07 	+0.08 	+0.09 	+0.09 	+0.10 	+0.10 	+0.10 	+0.10 	+0.10 	+0.10 	+0.10 	+0.10 	+0.09 	+0.09 	+0.08 	+0.07 	+0.06 	+0.00 	
+0.00 	+0.07 	+0.08 	+0.09 	+0.10 	+0.05 	+0.00 	+0.01 	+0.02 	+0.03 	+0.04 	+0.05 	+0.06 	+0.06 	+0.07 	+0.08 	+0.08 	+0.09 	+0.09 	+0.09 	+0.09 	+0.09 	+0.09 	+0.09 	+0.09 	+0.08 	+0.08 	+0.07 	+0.06 	+0.06 	+0.00 	
+0.00 	+0.06 	+0.07 	+0.08 	+0.09 	+0.10 	+0.06 	+0.01 	+0.02 	+0.03 	+0.04 	+0.04 	+0.05 	+0.06 	+0.06 	+0.07 	+0.07 	+0.07 	+0.08 	+0.08 	+0.08 	+0.08 	+0.08 	+0.08 	+0.07 	+0.07 	+0.07 	+0.06 	+0.06 	+0.05 	+0.00 	
+0.00 	+0.05 	+0.06 	+0.08 	+0.09 	+0.10 	+0.11 	+0.06 	+0.02 	+0.02 	+0.03 	+0.04 	+0.04 	+0.05 	+0.05 	+0.06 	+0.06 	+0.06 	+0.07 	+0.07 	+0.07 	+0.07 	+0.07 	+0.07 	+0.06 	+0.06 	+0.06 	+0.05 	+0.05 	+0.04 	+0.00 	
+0.00 	+0.04 	+0.06 	+0.07 	+0.08 	+0.09 	+0.09 	+0.10 	+0.06 	+0.02 	+0.03 	+0.03 	+0.04 	+0.04 	+0.05 	+0.05 	+0.05 	+0.05 	+0.06 	+0.06 	+0.06 	+0.06 	+0.06 	+0.06 	+0.05 	+0.05 	+0.05 	+0.04 	+0.04 	+0.04 	+0.00 	
+0.00 	+0.04 	+0.05 	+0.06 	+0.07 	+0.07 	+0.08 	+0.09 	+0.10 	+0.06 	+0.02 	+0.03 	+0.03 	+0.03 	+0.04 	+0.04 	+0.04 	+0.04 	+0.05 	+0.05 	+0.05 	+0.05 	+0.05 	+0.05 	+0.04 	+0.04 	+0.04 	+0.04 	+0.03 	+0.03 	+0.00 	
+0.00 	+0.03 	+0.04 	+0.05 	+0.05 	+0.06 	+0.07 	+0.08 	+0.08 	+0.09 	+0.05 	+0.02 	+0.03 	+0.03 	+0.03 	+0.03 	+0.03 	+0.04 	+0.04 	+0.04 	+0.04 	+0.04 	+0.04 	+0.04 	+0.03 	+0.03 	+0.03 	+0.03 	+0.03 	+0.02 	+0.00 	
+0.00 	+0.02 	+0.03 	+0.04 	+0.04 	+0.05 	+0.06 	+0.06 	+0.07 	+0.07 	+0.07 	+0.04 	+0.02 	+0.02 	+0.02 	+0.03 	+0.03 	+0.03 	+0.03 	+0.03 	+0.03 	+0.03 	+0.03 	+0.03 	+0.03 	+0.02 	+0.02 	+0.02 	+0.02 	+0.02 	+0.00 	
+0.00 	+0.01 	+0.02 	+0.02 	+0.03 	+0.04 	+0.04 	+0.05 	+0.05 	+0.05 	+0.06 	+0.06 	+0.04 	+0.02 	+0.02 	+0.02 	+0.02 	+0.02 	+0.02 	+0.02 	+0.02 	+0.02 	+0.02 	+0.02 	+0.02 	+0.02 	+0.02 	+0.01 	+0.01 	+0.01 	+0.00 	
+0.00 	+0.01 	+0.01 	+0.01 	+0.02 	+0.02 	+0.03 	+0.03 	+0.03 	+0.04 	+0.04 	+0.04 	+0.04 	+0.02 	+0.01 	+0.01 	+0.01 	+0.01 	+0.01 	+0.01 	+0.01 	+0.01 	+0.01 	+0.01 	+0.01 	+0.01 	+0.01 	+0.01 	+0.01 	+0.01 	+0.00 	
+0.00 	+0.00 	+0.00 	+0.01 	+0.01 	+0.01 	+0.01 	+0.02 	+0.02 	+0.02 	+0.02 	+0.02 	+0.02 	+0.03 	+0.01 	+0.01 	+0.01 	+0.01 	+0.01 	+0.01 	+0.01 	+0.01 	+0.01 	+0.01 	+0.01 	+0.01 	+0.01 	+0.01 	+0.01 	+0.01 	+0.00 	
+0.00 	-0.00 	-0.00 	-0.00 	-0.00 	-0.00 	+0.00 	+0.00 	+0.00 	+0.00 	+0.00 	+0.00 	+0.01 	+0.01 	+0.01 	+0.00 	+0.00 	+0.00 	+0.00 	+0.00 	+0.00 	+0.00 	+0.00 	+0.00 	+0.00 	+0.00 	+0.00 	+0.00 	+0.00 	+0.00 	+0.00 	
+0.00 	-0.01 	-0.01 	-0.01 	-0.01 	-0.01 	-0.01 	-0.01 	-0.01 	-0.01 	-0.01 	-0.01 	-0.01 	-0.01 	-0.01 	-0.01 	-0.01 	-0.00 	-0.00 	-0.00 	-0.00 	-0.00 	-0.00 	-0.00 	+0.00 	+0.00 	+0.00 	+0.00 	+0.00 	+0.00 	-0.00 	
+0.00 	-0.01 	-0.01 	-0.01 	-0.02 	-0.02 	-0.02 	-0.02 	-0.03 	-0.03 	-0.03 	-0.03 	-0.03 	-0.03 	-0.03 	-0.03 	-0.03 	-0.02 	-0.01 	-0.01 	-0.01 	-0.01 	-0.00 	-0.00 	-0.00 	+0.00 	+0.00 	+0.00 	+0.01 	+0.01 	-0.00 	
+0.00 	-0.01 	-0.01 	-0.02 	-0.02 	-0.03 	-0.03 	-0.03 	-0.04 	-0.04 	-0.04 	-0.05 	-0.05 	-0.05 	-0.05 	-0.05 	-0.05 	-0.05 	-0.04 	-0.01 	-0.01 	-0.01 	-0.01 	-0.00 	-0.00 	+0.00 	+0.00 	+0.00 	+0.01 	+0.01 	-0.00 	
+0.00 	-0.00 	-0.01 	-0.02 	-0.03 	-0.03 	-0.04 	-0.04 	-0.05 	-0.05 	-0.06 	-0.06 	-0.07 	-0.07 	-0.07 	-0.07 	-0.07 	-0.07 	-0.07 	-0.04 	-0.01 	-0.01 	-0.01 	-0.01 	-0.00 	+0.00 	+0.00 	+0.01 	+0.01 	+0.01 	-0.00 	
+0.00 	-0.00 	-0.01 	-0.02 	-0.03 	-0.04 	-0.04 	-0.05 	-0.06 	-0.06 	-0.07 	-0.08 	-0.08 	-0.08 	-0.08 	-0.09 	-0.09 	-0.09 	-0.08 	-0.08 	-0.05 	-0.02 	-0.01 	-0.01 	-0.00 	+0.00 	+0.01 	+0.01 	+0.01 	+0.02 	-0.00 	
+0.00 	+0.00 	-0.01 	-0.02 	-0.03 	-0.04 	-0.05 	-0.06 	-0.07 	-0.07 	-0.08 	-0.09 	-0.09 	-0.10 	-0.10 	-0.10 	-0.10 	-0.10 	-0.10 	-0.10 	-0.09 	-0.06 	-0.01 	-0.01 	-0.00 	+0.00 	+0.01 	+0.01 	+0.02 	+0.02 	-0.00 	
+0.00 	+0.01 	-0.00 	-0.01 	-0.03 	-0.04 	-0.05 	-0.06 	-0.07 	-0.08 	-0.09 	-0.09 	-0.10 	-0.11 	-0.11 	-0.11 	-0.11 	-0.12 	-0.11 	-0.11 	-0.11 	-0.10 	-0.06 	-0.01 	-0.00 	+0.00 	+0.01 	+0.02 	+0.02 	+0.03 	-0.00 	
+0.00 	+0.02 	+0.00 	-0.01 	-0.02 	-0.04 	-0.05 	-0.06 	-0.07 	-0.08 	-0.09 	-0.10 	-0.11 	-0.11 	-0.12 	-0.12 	-0.13 	-0.13 	-0.13 	-0.12 	-0.12 	-0.12 	-0.11 	-0.06 	-0.00 	+0.00 	+0.01 	+0.02 	+0.03 	+0.03 	-0.00 	
+0.00 	+0.02 	+0.01 	-0.01 	-0.02 	-0.03 	-0.05 	-0.06 	-0.07 	-0.09 	-0.10 	-0.11 	-0.11 	-0.12 	-0.13 	-0.13 	-0.13 	-0.14 	-0.14 	-0.13 	-0.13 	-0.13 	-0.12 	-0.11 	-0.06 	+0.01 	+0.01 	+0.02 	+0.03 	+0.04 	-0.00 	
+0.00 	+0.03 	+0.01 	-0.00 	-0.02 	-0.03 	-0.05 	-0.06 	-0.07 	-0.09 	-0.10 	-0.11 	-0.12 	-0.12 	-0.13 	-0.14 	-0.14 	-0.14 	-0.14 	-0.14 	-0.14 	-0.14 	-0.13 	-0.12 	-0.11 	-0.05 	+0.02 	+0.03 	+0.03 	+0.04 	-0.00 	
+0.00 	+0.03 	+0.02 	+0.00 	-0.01 	-0.03 	-0.04 	-0.06 	-0.07 	-0.08 	-0.10 	-0.11 	-0.12 	-0.13 	-0.13 	-0.14 	-0.14 	-0.15 	-0.15 	-0.15 	-0.15 	-0.14 	-0.14 	-0.13 	-0.12 	-0.11 	-0.04 	+0.03 	+0.04 	+0.05 	-0.00 	
+0.00 	+0.04 	+0.02 	+0.01 	-0.01 	-0.02 	-0.04 	-0.05 	-0.07 	-0.08 	-0.09 	-0.11 	-0.12 	-0.13 	-0.13 	-0.14 	-0.14 	-0.15 	-0.15 	-0.15 	-0.15 	-0.15 	-0.14 	-0.13 	-0.13 	-0.12 	-0.11 	-0.04 	+0.04 	+0.05 	-0.00 	
+0.00 	+0.04 	+0.03 	+0.01 	-0.00 	-0.02 	-0.03 	-0.05 	-0.06 	-0.08 	-0.09 	-0.10 	-0.11 	-0.12 	-0.13 	-0.14 	-0.14 	-0.15 	-0.15 	-0.15 	-0.15 	-0.15 	-0.14 	-0.14 	-0.13 	-0.12 	-0.11 	-0.10 	-0.02 	+0.05 	-0.00 	
+0.00 	+0.05 	+0.03 	+0.02 	+0.00 	-0.01 	-0.03 	-0.04 	-0.06 	-0.07 	-0.08 	-0.09 	-0.11 	-0.12 	-0.12 	-0.13 	-0.14 	-0.14 	-0.14 	-0.15 	-0.15 	-0.14 	-0.14 	-0.14 	-0.13 	-0.12 	-0.11 	-0.10 	-0.09 	-0.01 	-0.00 	

 
 
+0.00 	+0.00 	+0.00 	+0.00 	+0.00 	+0.00 	+0.00 	+0.00 	+0.00 	+0.00 	+0.00 	+0.00 	+0.00 	+0.00 	+0.00 	+0.00 	+0.00 	+0.00 	+0.00 	+0.00 	+0.00 	+0.00 	+0.00 	+0.00 	+0.00 	+0.00 	+0.00 	+0.00 	+0.00 	+0.00 	
-0.40 	-0.40 	-0.40 	-0.39 	-0.38 	-0.36 	-0.34 	-0.32 	-0.29 	-0.26 	-0.23 	-0.19 	-0.16 	-0.12 	-0.07 	-0.03 	+0.01 	+0.05 	+0.09 	+0.13 	+0.17 	+0.21 	+0.24 	+0.28 	+0.30 	+0.33 	+0.35 	+0.37 	+0.39 	+0.40 	
-0.30 	-0.30 	-0.30 	-0.29 	-0.29 	-0.27 	-0.26 	-0.24 	-0.22 	-0.20 	-0.18 	-0.15 	-0.12 	-0.09 	-0.06 	-0.03 	-0.00 	+0.03 	+0.06 	+0.09 	+0.12 	+0.15 	+0.18 	+0.20 	+0.22 	+0.24 	+0.26 	+0.27 	+0.28 	+0.30 	
-0.19 	-0.19 	-0.19 	-0.19 	-0.19 	-0.18 	-0.17 	-0.16 	-0.15 	-0.14 	-0.12 	-0.11 	-0.09 	-0.07 	-0.05 	-0.03 	-0.01 	+0.01 	+0.03 	+0.05 	+0.07 	+0.09 	+0.10 	+0.12 	+0.14 	+0.15 	+0.16 	+0.17 	+0.18 	+0.19 	
-0.08 	-0.09 	-0.09 	-0.09 	-0.09 	-0.09 	-0.09 	-0.08 	-0.08 	-0.07 	-0.07 	-0.06 	-0.05 	-0.05 	-0.04 	-0.03 	-0.02 	-0.01 	-0.00 	+0.01 	+0.02 	+0.02 	+0.03 	+0.04 	+0.05 	+0.06 	+0.06 	+0.07 	+0.08 	+0.09 	
+0.03 	+0.02 	+0.02 	+0.02 	+0.01 	+0.01 	+0.00 	-0.00 	-0.00 	-0.01 	-0.01 	-0.02 	-0.02 	-0.02 	-0.03 	-0.03 	-0.03 	-0.03 	-0.04 	-0.04 	-0.04 	-0.04 	-0.04 	-0.04 	-0.04 	-0.04 	-0.04 	-0.03 	-0.03 	-0.02 	
+0.14 	+0.13 	+0.13 	+0.12 	+0.11 	+0.10 	+0.09 	+0.08 	+0.07 	+0.06 	+0.04 	+0.03 	+0.02 	+0.00 	-0.01 	-0.03 	-0.04 	-0.05 	-0.07 	-0.08 	-0.09 	-0.10 	-0.11 	-0.12 	-0.12 	-0.13 	-0.13 	-0.14 	-0.14 	-0.13 	
+0.25 	+0.24 	+0.23 	+0.22 	+0.21 	+0.20 	+0.18 	+0.16 	+0.14 	+0.12 	+0.10 	+0.08 	+0.05 	+0.03 	+0.00 	-0.02 	-0.05 	-0.07 	-0.10 	-0.12 	-0.14 	-0.16 	-0.18 	-0.20 	-0.21 	-0.22 	-0.23 	-0.24 	-0.24 	-0.23 	
+0.36 	+0.34 	+0.33 	+0.32 	+0.31 	+0.29 	+0.27 	+0.24 	+0.22 	+0.19 	+0.15 	+0.12 	+0.09 	+0.05 	+0.01 	-0.02 	-0.06 	-0.09 	-0.13 	-0.16 	-0.19 	-0.22 	-0.25 	-0.27 	-0.29 	-0.31 	-0.33 	-0.34 	-0.34 	-0.34 	
+0.46 	+0.44 	+0.43 	+0.42 	+0.40 	+0.38 	+0.35 	+0.32 	+0.28 	+0.25 	+0.21 	+0.16 	+0.12 	+0.07 	+0.03 	-0.02 	-0.07 	-0.11 	-0.16 	-0.20 	-0.24 	-0.28 	-0.31 	-0.35 	-0.37 	-0.40 	-0.42 	-0.43 	-0.44 	-0.44 	
+0.55 	+0.54 	+0.53 	+0.51 	+0.49 	+0.46 	+0.43 	+0.39 	+0.35 	+0.31 	+0.26 	+0.21 	+0.15 	+0.10 	+0.04 	-0.02 	-0.07 	-0.13 	-0.18 	-0.24 	-0.29 	-0.33 	-0.38 	-0.41 	-0.45 	-0.48 	-0.50 	-0.52 	-0.53 	-0.53 	
+0.64 	+0.63 	+0.62 	+0.60 	+0.57 	+0.54 	+0.50 	+0.46 	+0.41 	+0.36 	+0.31 	+0.25 	+0.18 	+0.12 	+0.05 	-0.01 	-0.08 	-0.14 	-0.21 	-0.27 	-0.33 	-0.38 	-0.43 	-0.48 	-0.52 	-0.56 	-0.58 	-0.61 	-0.62 	-0.62 	
+0.73 	+0.71 	+0.70 	+0.68 	+0.65 	+0.62 	+0.57 	+0.53 	+0.47 	+0.41 	+0.35 	+0.28 	+0.21 	+0.14 	+0.06 	-0.01 	-0.09 	-0.16 	-0.23 	-0.30 	-0.37 	-0.43 	-0.49 	-0.54 	-0.59 	-0.63 	-0.66 	-0.68 	-0.70 	-0.70 	
+0.80 	+0.79 	+0.77 	+0.75 	+0.72 	+0.68 	+0.64 	+0.58 	+0.52 	+0.46 	+0.39 	+0.32 	+0.24 	+0.16 	+0.08 	-0.01 	-0.09 	-0.17 	-0.25 	-0.33 	-0.40 	-0.47 	-0.53 	-0.59 	-0.64 	-0.69 	-0.73 	-0.76 	-0.78 	-0.78 	
+0.87 	+0.85 	+0.84 	+0.82 	+0.78 	+0.74 	+0.69 	+0.64 	+0.57 	+0.50 	+0.43 	+0.35 	+0.26 	+0.18 	+0.09 	-0.00 	-0.09 	-0.18 	-0.27 	-0.35 	-0.43 	-0.51 	-0.58 	-0.64 	-0.70 	-0.75 	-0.79 	-0.82 	-0.84 	-0.84 	
+0.93 	+0.91 	+0.90 	+0.87 	+0.84 	+0.79 	+0.74 	+0.68 	+0.61 	+0.54 	+0.46 	+0.37 	+0.28 	+0.19 	+0.10 	+0.00 	-0.10 	-0.19 	-0.28 	-0.37 	-0.46 	-0.54 	-0.61 	-0.68 	-0.74 	-0.79 	-0.84 	-0.87 	-0.90 	-0.90 	
+0.98 	+0.96 	+0.94 	+0.92 	+0.88 	+0.84 	+0.78 	+0.72 	+0.65 	+0.57 	+0.48 	+0.39 	+0.30 	+0.20 	+0.10 	+0.00 	-0.10 	-0.20 	-0.29 	-0.39 	-0.48 	-0.56 	-0.64 	-0.71 	-0.78 	-0.83 	-0.88 	-0.91 	-0.94 	-0.94 	
+1.01 	+0.99 	+0.98 	+0.95 	+0.92 	+0.87 	+0.81 	+0.75 	+0.67 	+0.59 	+0.51 	+0.41 	+0.32 	+0.21 	+0.11 	+0.01 	-0.10 	-0.20 	-0.30 	-0.40 	-0.49 	-0.58 	-0.66 	-0.74 	-0.80 	-0.86 	-0.91 	-0.95 	-0.98 	-0.98 	
+1.04 	+1.02 	+1.00 	+0.98 	+0.94 	+0.89 	+0.84 	+0.77 	+0.69 	+0.61 	+0.52 	+0.43 	+0.33 	+0.22 	+0.12 	+0.01 	-0.10 	-0.20 	-0.31 	-0.41 	-0.50 	-0.59 	-0.68 	-0.75 	-0.82 	-0.88 	-0.93 	-0.97 	-1.00 	-1.01 	
+1.05 	+1.04 	+1.02 	+0.99 	+0.96 	+0.91 	+0.85 	+0.78 	+0.71 	+0.62 	+0.53 	+0.44 	+0.33 	+0.23 	+0.12 	+0.01 	-0.10 	-0.20 	-0.31 	-0.41 	-0.51 	-0.60 	-0.69 	-0.76 	-0.83 	-0.89 	-0.94 	-0.98 	-1.01 	-1.02 	
+1.05 	+1.04 	+1.02 	+1.00 	+0.96 	+0.91 	+0.85 	+0.79 	+0.71 	+0.63 	+0.54 	+0.44 	+0.34 	+0.23 	+0.13 	+0.02 	-0.09 	-0.20 	-0.31 	-0.41 	-0.51 	-0.60 	-0.69 	-0.76 	-0.83 	-0.89 	-0.95 	-0.99 	-1.02 	-1.02 	
+1.04 	+1.03 	+1.02 	+0.99 	+0.95 	+0.91 	+0.85 	+0.78 	+0.71 	+0.62 	+0.53 	+0.44 	+0.34 	+0.23 	+0.13 	+0.02 	-0.09 	-0.20 	-0.30 	-0.40 	-0.50 	-0.59 	-0.68 	-0.76 	-0.83 	-0.89 	-0.94 	-0.98 	-1.01 	-1.02 	
+1.02 	+1.01 	+1.00 	+0.97 	+0.94 	+0.89 	+0.83 	+0.77 	+0.70 	+0.61 	+0.53 	+0.43 	+0.33 	+0.23 	+0.13 	+0.02 	-0.08 	-0.19 	-0.29 	-0.39 	-0.49 	-0.58 	-0.66 	-0.74 	-0.81 	-0.87 	-0.92 	-0.96 	-0.99 	-1.00 	
+0.99 	+0.98 	+0.97 	+0.94 	+0.91 	+0.86 	+0.81 	+0.75 	+0.68 	+0.60 	+0.51 	+0.42 	+0.33 	+0.23 	+0.13 	+0.02 	-0.08 	-0.18 	-0.28 	-0.38 	-0.47 	-0.56 	-0.64 	-0.71 	-0.78 	-0.84 	-0.89 	-0.93 	-0.96 	-0.97 	
+0.95 	+0.94 	+0.93 	+0.90 	+0.87 	+0.83 	+0.78 	+0.72 	+0.65 	+0.58 	+0.49 	+0.41 	+0.32 	+0.22 	+0.13 	+0.03 	-0.07 	-0.17 	-0.27 	-0.36 	-0.45 	-0.53 	-0.61 	-0.68 	-0.75 	-0.80 	-0.85 	-0.89 	-0.92 	-0.93 	
+0.90 	+0.89 	+0.88 	+0.86 	+0.82 	+0.79 	+0.74 	+0.68 	+0.62 	+0.55 	+0.47 	+0.39 	+0.30 	+0.21 	+0.12 	+0.03 	-0.06 	-0.16 	-0.25 	-0.34 	-0.42 	-0.50 	-0.57 	-0.64 	-0.70 	-0.76 	-0.80 	-0.84 	-0.86 	-0.88 	
+0.83 	+0.83 	+0.82 	+0.80 	+0.77 	+0.73 	+0.69 	+0.64 	+0.58 	+0.51 	+0.44 	+0.36 	+0.28 	+0.20 	+0.12 	+0.03 	-0.06 	-0.14 	-0.23 	-0.31 	-0.39 	-0.46 	-0.53 	-0.60 	-0.65 	-0.70 	-0.74 	-0.78 	-0.80 	-0.82 	
+0.76 	+0.76 	+0.75 	+0.73 	+0.70 	+0.67 	+0.63 	+0.58 	+0.53 	+0.47 	+0.41 	+0.34 	+0.26 	+0.19 	+0.11 	+0.03 	-0.05 	-0.13 	-0.20 	-0.28 	-0.35 	-0.42 	-0.48 	-0.54 	-0.59 	-0.64 	-0.68 	-0.71 	-0.73 	-0.75 	
+0.68 	+0.68 	+0.67 	+0.66 	+0.63 	+0.60 	+0.57 	+0.53 	+0.48 	+0.43 	+0.37 	+0.31 	+0.24 	+0.17 	+0.10 	+0.03 	-0.04 	-0.11 	-0.18 	-0.25 	-0.31 	-0.37 	-0.43 	-0.48 	-0.53 	-0.57 	-0.61 	-0.64 	-0.66 	-0.67 	
+0.59 	+0.59 	+0.59 	+0.57 	+0.55 	+0.53 	+0.50 	+0.46 	+0.42 	+0.37 	+0.32 	+0.27 	+0.21 	+0.16 	+0.09 	+0.03 	-0.03 	-0.09 	-0.15 	-0.21 	-0.27 	-0.32 	-0.37 	-0.42 	-0.46 	-0.50 	-0.53 	-0.55 	-0.57 	-0.58 	
+0.00 	+0.00 	+0.00 	+0.00 	+0.00 	+0.00 	+0.00 	+0.00 	+0.00 	+0.00 	+0.00 	+0.00 	+0.00 	+0.00 	+0.00 	+0.00 	-0.00 	-0.00 	-0.00 	-0.00 	-0.00 	-0.00 	-0.00 	-0.00 	-0.00 	-0.00 	-0.00 	-0.00 	-0.00 	-0.00 	

 
 
+1.00 	+0.99 	+0.98 	+0.95 	+0.91 	+0.87 	+0.81 	+0.74 	+0.67 	+0.59 	+0.50 	+0.41 	+0.31 	+0.21 	+0.10 	+0.00 	-0.10 	-0.21 	-0.31 	-0.41 	-0.50 	-0.59 	-0.67 	-0.74 	-0.81 	-0.87 	-0.91 	-0.95 	-0.98 	-0.99 	
+0.99 	+0.99 	+0.97 	+0.95 	+0.91 	+0.86 	+0.80 	+0.74 	+0.67 	+0.58 	+0.50 	+0.40 	+0.31 	+0.21 	+0.10 	+0.00 	-0.10 	-0.21 	-0.31 	-0.40 	-0.50 	-0.58 	-0.67 	-0.74 	-0.80 	-0.86 	-0.91 	-0.95 	-0.97 	-0.99 	
+0.98 	+0.97 	+0.96 	+0.93 	+0.89 	+0.85 	+0.79 	+0.73 	+0.65 	+0.57 	+0.49 	+0.40 	+0.30 	+0.20 	+0.10 	+0.00 	-0.10 	-0.20 	-0.30 	-0.40 	-0.49 	-0.57 	-0.65 	-0.73 	-0.79 	-0.85 	-0.89 	-0.93 	-0.96 	-0.97 	
+0.95 	+0.95 	+0.93 	+0.90 	+0.87 	+0.82 	+0.77 	+0.71 	+0.64 	+0.56 	+0.48 	+0.39 	+0.29 	+0.20 	+0.10 	+0.00 	-0.10 	-0.20 	-0.29 	-0.39 	-0.48 	-0.56 	-0.64 	-0.71 	-0.77 	-0.82 	-0.87 	-0.90 	-0.93 	-0.95 	
+0.91 	+0.91 	+0.89 	+0.87 	+0.83 	+0.79 	+0.74 	+0.68 	+0.61 	+0.54 	+0.46 	+0.37 	+0.28 	+0.19 	+0.10 	+0.00 	-0.10 	-0.19 	-0.28 	-0.37 	-0.46 	-0.54 	-0.61 	-0.68 	-0.74 	-0.79 	-0.83 	-0.87 	-0.89 	-0.91 	
+0.87 	+0.86 	+0.85 	+0.82 	+0.79 	+0.75 	+0.70 	+0.64 	+0.58 	+0.51 	+0.43 	+0.35 	+0.27 	+0.18 	+0.09 	+0.00 	-0.09 	-0.18 	-0.27 	-0.35 	-0.43 	-0.51 	-0.58 	-0.64 	-0.70 	-0.75 	-0.79 	-0.82 	-0.85 	-0.86 	
+0.81 	+0.80 	+0.79 	+0.77 	+0.74 	+0.70 	+0.65 	+0.60 	+0.54 	+0.48 	+0.40 	+0.33 	+0.25 	+0.17 	+0.08 	+0.00 	-0.08 	-0.17 	-0.25 	-0.33 	-0.40 	-0.48 	-0.54 	-0.60 	-0.65 	-0.70 	-0.74 	-0.77 	-0.79 	-0.80 	
+0.74 	+0.74 	+0.73 	+0.71 	+0.68 	+0.64 	+0.60 	+0.55 	+0.50 	+0.44 	+0.37 	+0.30 	+0.23 	+0.15 	+0.08 	+0.00 	-0.08 	-0.15 	-0.23 	-0.30 	-0.37 	-0.44 	-0.50 	-0.55 	-0.60 	-0.64 	-0.68 	-0.71 	-0.73 	-0.74 	
+0.67 	+0.67 	+0.65 	+0.64 	+0.61 	+0.58 	+0.54 	+0.50 	+0.45 	+0.39 	+0.33 	+0.27 	+0.21 	+0.14 	+0.07 	+0.00 	-0.07 	-0.14 	-0.21 	-0.27 	-0.33 	-0.39 	-0.45 	-0.50 	-0.54 	-0.58 	-0.61 	-0.64 	-0.65 	-0.67 	
+0.59 	+0.58 	+0.57 	+0.56 	+0.54 	+0.51 	+0.48 	+0.44 	+0.39 	+0.35 	+0.29 	+0.24 	+0.18 	+0.12 	+0.06 	+0.00 	-0.06 	-0.12 	-0.18 	-0.24 	-0.29 	-0.35 	-0.39 	-0.44 	-0.48 	-0.51 	-0.54 	-0.56 	-0.57 	-0.58 	
+0.50 	+0.50 	+0.49 	+0.48 	+0.46 	+0.43 	+0.40 	+0.37 	+0.33 	+0.29 	+0.25 	+0.20 	+0.15 	+0.10 	+0.05 	+0.00 	-0.05 	-0.10 	-0.15 	-0.20 	-0.25 	-0.29 	-0.33 	-0.37 	-0.40 	-0.43 	-0.46 	-0.48 	-0.49 	-0.50 	
+0.41 	+0.40 	+0.40 	+0.39 	+0.37 	+0.35 	+0.33 	+0.30 	+0.27 	+0.24 	+0.20 	+0.17 	+0.13 	+0.08 	+0.04 	+0.00 	-0.04 	-0.08 	-0.13 	-0.17 	-0.20 	-0.24 	-0.27 	-0.30 	-0.33 	-0.35 	-0.37 	-0.39 	-0.40 	-0.40 	
+0.31 	+0.31 	+0.30 	+0.29 	+0.28 	+0.27 	+0.25 	+0.23 	+0.21 	+0.18 	+0.15 	+0.13 	+0.10 	+0.06 	+0.03 	+0.00 	-0.03 	-0.06 	-0.10 	-0.13 	-0.15 	-0.18 	-0.21 	-0.23 	-0.25 	-0.27 	-0.28 	-0.29 	-0.30 	-0.31 	
+0.21 	+0.21 	+0.20 	+0.20 	+0.19 	+0.18 	+0.17 	+0.15 	+0.14 	+0.12 	+0.10 	+0.08 	+0.06 	+0.04 	+0.02 	+0.00 	-0.02 	-0.04 	-0.06 	-0.08 	-0.10 	-0.12 	-0.14 	-0.15 	-0.17 	-0.18 	-0.19 	-0.20 	-0.20 	-0.21 	
+0.10 	+0.10 	+0.10 	+0.10 	+0.10 	+0.09 	+0.08 	+0.08 	+0.07 	+0.06 	+0.05 	+0.04 	+0.03 	+0.02 	+0.01 	+0.00 	-0.01 	-0.02 	-0.03 	-0.04 	-0.05 	-0.06 	-0.07 	-0.08 	-0.08 	-0.09 	-0.10 	-0.10 	-0.10 	-0.10 	
+0.00 	+0.00 	+0.00 	+0.00 	+0.00 	+0.00 	+0.00 	+0.00 	+0.00 	+0.00 	+0.00 	+0.00 	+0.00 	+0.00 	+0.00 	+0.00 	-0.00 	-0.00 	-0.00 	-0.00 	-0.00 	-0.00 	-0.00 	-0.00 	-0.00 	-0.00 	-0.00 	-0.00 	-0.00 	-0.00 	
-0.10 	-0.10 	-0.10 	-0.10 	-0.10 	-0.09 	-0.08 	-0.08 	-0.07 	-0.06 	-0.05 	-0.04 	-0.03 	-0.02 	-0.01 	-0.00 	+0.01 	+0.02 	+0.03 	+0.04 	+0.05 	+0.06 	+0.07 	+0.08 	+0.08 	+0.09 	+0.10 	+0.10 	+0.10 	+0.10 	
-0.21 	-0.21 	-0.20 	-0.20 	-0.19 	-0.18 	-0.17 	-0.15 	-0.14 	-0.12 	-0.10 	-0.08 	-0.06 	-0.04 	-0.02 	-0.00 	+0.02 	+0.04 	+0.06 	+0.08 	+0.10 	+0.12 	+0.14 	+0.15 	+0.17 	+0.18 	+0.19 	+0.20 	+0.20 	+0.21 	
-0.31 	-0.31 	-0.30 	-0.29 	-0.28 	-0.27 	-0.25 	-0.23 	-0.21 	-0.18 	-0.15 	-0.13 	-0.10 	-0.06 	-0.03 	-0.00 	+0.03 	+0.06 	+0.10 	+0.13 	+0.15 	+0.18 	+0.21 	+0.23 	+0.25 	+0.27 	+0.28 	+0.29 	+0.30 	+0.31 	
-0.41 	-0.40 	-0.40 	-0.39 	-0.37 	-0.35 	-0.33 	-0.30 	-0.27 	-0.24 	-0.20 	-0.17 	-0.13 	-0.08 	-0.04 	-0.00 	+0.04 	+0.08 	+0.13 	+0.17 	+0.20 	+0.24 	+0.27 	+0.30 	+0.33 	+0.35 	+0.37 	+0.39 	+0.40 	+0.40 	
-0.50 	-0.50 	-0.49 	-0.48 	-0.46 	-0.43 	-0.40 	-0.37 	-0.33 	-0.29 	-0.25 	-0.20 	-0.15 	-0.10 	-0.05 	-0.00 	+0.05 	+0.10 	+0.15 	+0.20 	+0.25 	+0.29 	+0.33 	+0.37 	+0.40 	+0.43 	+0.46 	+0.48 	+0.49 	+0.50 	
-0.59 	-0.58 	-0.57 	-0.56 	-0.54 	-0.51 	-0.48 	-0.44 	-0.39 	-0.35 	-0.29 	-0.24 	-0.18 	-0.12 	-0.06 	-0.00 	+0.06 	+0.12 	+0.18 	+0.24 	+0.29 	+0.35 	+0.39 	+0.44 	+0.48 	+0.51 	+0.54 	+0.56 	+0.57 	+0.58 	
-0.67 	-0.67 	-0.65 	-0.64 	-0.61 	-0.58 	-0.54 	-0.50 	-0.45 	-0.39 	-0.33 	-0.27 	-0.21 	-0.14 	-0.07 	-0.00 	+0.07 	+0.14 	+0.21 	+0.27 	+0.33 	+0.39 	+0.45 	+0.50 	+0.54 	+0.58 	+0.61 	+0.64 	+0.65 	+0.67 	
-0.74 	-0.74 	-0.73 	-0.71 	-0.68 	-0.64 	-0.60 	-0.55 	-0.50 	-0.44 	-0.37 	-0.30 	-0.23 	-0.15 	-0.08 	-0.00 	+0.08 	+0.15 	+0.23 	+0.30 	+0.37 	+0.44 	+0.50 	+0.55 	+0.60 	+0.64 	+0.68 	+0.71 	+0.73 	+0.74 	
-0.81 	-0.80 	-0.79 	-0.77 	-0.74 	-0.70 	-0.65 	-0.60 	-0.54 	-0.48 	-0.40 	-0.33 	-0.25 	-0.17 	-0.08 	-0.00 	+0.08 	+0.17 	+0.25 	+0.33 	+0.40 	+0.48 	+0.54 	+0.60 	+0.65 	+0.70 	+0.74 	+0.77 	+0.79 	+0.80 	
-0.87 	-0.86 	-0.85 	-0.82 	-0.79 	-0.75 	-0.70 	-0.64 	-0.58 	-0.51 	-0.43 	-0.35 	-0.27 	-0.18 	-0.09 	-0.00 	+0.09 	+0.18 	+0.27 	+0.35 	+0.43 	+0.51 	+0.58 	+0.64 	+0.70 	+0.75 	+0.79 	+0.82 	+0.85 	+0.86 	
-0.91 	-0.91 	-0.89 	-0.87 	-0.83 	-0.79 	-0.74 	-0.68 	-0.61 	-0.54 	-0.46 	-0.37 	-0.28 	-0.19 	-0.10 	-0.00 	+0.10 	+0.19 	+0.28 	+0.37 	+0.46 	+0.54 	+0.61 	+0.68 	+0.74 	+0.79 	+0.83 	+0.87 	+0.89 	+0.91 	
-0.95 	-0.95 	-0.93 	-0.90 	-0.87 	-0.82 	-0.77 	-0.71 	-0.64 	-0.56 	-0.48 	-0.39 	-0.29 	-0.20 	-0.10 	-0.00 	+0.10 	+0.20 	+0.29 	+0.39 	+0.48 	+0.56 	+0.64 	+0.71 	+0.77 	+0.82 	+0.87 	+0.90 	+0.93 	+0.95 	
-0.98 	-0.97 	-0.96 	-0.93 	-0.89 	-0.85 	-0.79 	-0.73 	-0.65 	-0.57 	-0.49 	-0.40 	-0.30 	-0.20 	-0.10 	-0.00 	+0.10 	+0.20 	+0.30 	+0.40 	+0.49 	+0.57 	+0.65 	+0.73 	+0.79 	+0.85 	+0.89 	+0.93 	+0.96 	+0.97 	
-0.99 	-0.99 	-0.97 	-0.95 	-0.91 	-0.86 	-0.80 	-0.74 	-0.67 	-0.58 	-0.50 	-0.40 	-0.31 	-0.21 	-0.10 	-0.00 	+0.10 	+0.21 	+0.31 	+0.40 	+0.50 	+0.58 	+0.67 	+0.74 	+0.80 	+0.86 	+0.91 	+0.95 	+0.97 	+0.99 	

 
 
+0.00 	+0.55 	-0.16 	-0.10 	-0.09 	-0.08 	-0.06 	-0.05 	-0.04 	-0.02 	-0.01 	+0.01 	+0.02 	+0.03 	+0.05 	+0.06 	+0.07 	+0.09 	+0.10 	+0.11 	+0.11 	+0.12 	+0.13 	+0.13 	+0.14 	+0.14 	+0.14 	+0.14 	+0.13 	-0.07 	+0.00 	
+0.00 	-0.14 	+0.15 	+0.18 	-0.08 	-0.06 	-0.05 	-0.04 	-0.02 	-0.01 	+0.00 	+0.02 	+0.03 	+0.04 	+0.06 	+0.07 	+0.08 	+0.09 	+0.10 	+0.11 	+0.12 	+0.12 	+0.13 	+0.13 	+0.13 	+0.13 	+0.13 	+0.13 	+0.13 	-0.08 	+0.00 	
+0.00 	-0.01 	+0.02 	-0.15 	+0.19 	+0.25 	-0.05 	-0.04 	-0.03 	-0.02 	-0.00 	+0.01 	+0.02 	+0.03 	+0.04 	+0.05 	+0.07 	+0.08 	+0.08 	+0.09 	+0.10 	+0.11 	+0.11 	+0.11 	+0.12 	+0.12 	+0.12 	+0.12 	+0.11 	-0.08 	+0.00 	
+0.00 	-0.02 	+0.19 	+0.03 	-0.14 	-0.11 	+0.26 	+0.26 	-0.03 	-0.02 	-0.01 	+0.00 	+0.01 	+0.03 	+0.04 	+0.05 	+0.05 	+0.06 	+0.07 	+0.08 	+0.09 	+0.09 	+0.10 	+0.10 	+0.10 	+0.10 	+0.10 	+0.10 	+0.10 	-0.08 	+0.00 	
+0.00 	-0.08 	+0.17 	+0.18 	+0.04 	-0.12 	-0.10 	-0.04 	+0.27 	+0.27 	-0.01 	+0.00 	+0.01 	+0.02 	+0.03 	+0.04 	+0.05 	+0.05 	+0.06 	+0.07 	+0.07 	+0.08 	+0.08 	+0.08 	+0.09 	+0.09 	+0.09 	+0.09 	+0.09 	-0.08 	+0.00 	
